episode,length,time,reward,delta
0,386.0,0.02478195022104046,-1870.0,99.99960883035656
1,143.0,0.010117298174918687,-241.0,9.999960883035655
2,30.0,0.001640023484469566,70.0,0.9999960883035612
3,78.0,0.0043001690801247605,-275.0,0.09999960883035897
4,31.0,0.0038400033849939064,69.0,0.009999960883035897
5,30.0,0.0016107562405522913,70.0,0.000999996088310695
6,24.0,0.0012877587109869637,76.0,9.999960883533277e-05
7,65.0,0.0036231436897651292,-64.0,9.999960880691106e-06
8,31.0,0.0021982168136673863,69.0,9.99996089490196e-07
9,49.0,0.0036552318724716315,-48.0,9.999961037010507e-08
10,17.0,0.0015017974674265133,83.0,9.999965300266922e-09
11,35.0,0.001987351613934152,65.0,1.0000036354540498e-09
12,19.0,0.0010444527110848867,81.0,1.000017846308765e-10
13,26.0,0.0014132905021142506,-25.0,1.000444171950221e-11
14,53.0,0.0030854021688355715,-151.0,9.947598300641403e-13
15,17.0,0.0014101169458626828,-16.0,9.947598300641403e-14
16,61.0,0.005552313434691314,-258.0,1.4210854715202004e-14
17,40.0,0.0021358035360208305,-138.0,0.0
18,22.0,0.0013466458149196114,-21.0,0.0
19,43.0,0.0023939194657032203,-240.0,0.0
20,21.0,0.0011844418154396408,-20.0,0.0
21,12.0,0.0014898084759806807,88.0,0.0
22,19.0,0.001242271067440015,-18.0,0.0
23,15.0,0.0008233616072175209,85.0,0.0
24,25.0,0.0032349119423997763,-24.0,0.0
25,104.0,0.00615564179042849,-994.0,0.0
26,21.0,0.0012821168329537613,-20.0,0.0
27,27.0,0.001707020788671798,-224.0,0.0
28,33.0,0.001816684797177004,-32.0,0.0
29,14.0,0.0007637692683601927,86.0,0.0
30,16.0,0.0010652571372702369,84.0,0.0
31,29.0,0.0031721460472908802,-28.0,0.0
32,27.0,0.0015243649804688175,-26.0,0.0
33,15.0,0.0010596152592370345,85.0,0.0
34,45.0,0.002476079317602853,-143.0,0.0
35,31.0,0.002019087179178314,-30.0,0.0
36,14.0,0.0011467117546999361,86.0,0.0
37,15.0,0.0008184249636542518,85.0,0.0
38,26.0,0.0015109655191736238,-25.0,0.0
39,70.0,0.005949007998879097,-366.0,0.0
40,17.0,0.0009383148767483362,83.0,0.0
41,14.0,0.0007655323552171467,86.0,0.0
42,18.0,0.0012362765719444724,82.0,0.0
43,14.0,0.0009291468245464785,86.0,0.0
44,38.0,0.002321985517937719,-136.0,0.0
45,17.0,0.0009957915117411176,83.0,0.0
46,18.0,0.0009964967462110508,82.0,0.0
47,37.0,0.002509930587166309,-234.0,0.0
48,36.0,0.0025085201177716954,-233.0,0.0
49,12.0,0.0006608049898204627,88.0,0.0
50,26.0,0.0015398801456285582,-124.0,0.0
51,39.0,0.002047649188170908,-236.0,0.0
52,28.0,0.0014633621713073808,-126.0,0.0
53,15.0,0.0013290149454405764,-14.0,0.0
54,69.0,0.003560730411663826,-365.0,0.0
55,19.0,0.002557181317570212,81.0,0.0
56,26.0,0.0014118800322648895,-25.0,0.0
57,20.0,0.0010730147196227335,-19.0,0.0
58,12.0,0.000710171424998407,88.0,0.0
59,16.0,0.0009118685725297837,84.0,0.0
60,36.0,0.0019605526927080064,-35.0,0.0
61,13.0,0.0007602430946462846,87.0,0.0
62,29.0,0.002327980013888009,-28.0,0.0
63,25.0,0.0016114614759317192,-24.0,0.0
64,22.0,0.002873831734632404,-21.0,0.0
65,21.0,0.0014404420412574837,79.0,0.0
66,13.0,0.0007151080685616762,-12.0,0.0
67,16.0,0.001012717146295472,84.0,0.0
68,18.0,0.0010426896242279327,-116.0,0.0
69,40.0,0.003229622681828914,-138.0,0.0
70,16.0,0.002202095605298382,84.0,0.0
71,17.0,0.0009982598330680048,83.0,0.0
72,14.0,0.0009651137984292291,86.0,0.0
73,21.0,0.007509692570693005,79.0,0.0
74,28.0,0.003195771412265458,-126.0,0.0
75,27.0,0.0020836161620536586,-26.0,0.0
76,12.0,0.0009245627989002969,88.0,0.0
77,23.0,0.0028540851608340745,-22.0,0.0
78,28.0,0.00271374343901698,72.0,0.0
79,30.0,0.0017856544668575225,-29.0,0.0
80,26.0,0.001961610545095027,74.0,0.0
81,14.0,0.0009376096418236557,86.0,0.0
82,20.0,0.0021372140054154443,-118.0,0.0
83,60.0,0.006192313998781174,-257.0,0.0
84,12.0,0.0007489593376703851,88.0,0.0
85,22.0,0.0013106788414916082,78.0,0.0
86,24.0,0.0013618083630717592,76.0,0.0
87,19.0,0.0014721776065016456,81.0,0.0
88,21.0,0.0011393067893550324,79.0,0.0
89,15.0,0.000866380928982835,85.0,0.0
90,14.0,0.0011579955112210882,86.0,0.0
91,27.0,0.0014799351888541423,-26.0,0.0
92,33.0,0.004451441940545919,-32.0,0.0
93,20.0,0.0019337537705723662,80.0,0.0
94,30.0,0.0021379192398853775,-29.0,0.0
95,13.0,0.0007937417462926533,87.0,0.0
96,16.0,0.0008938850855884084,84.0,0.0
97,12.0,0.0007038243115857767,88.0,0.0
98,13.0,0.0009383148767483362,-12.0,0.0
99,19.0,0.0013575769539784233,-18.0,0.0
100,50.0,0.002743010682934255,-247.0,0.0
101,39.0,0.005179949469948042,-335.0,0.0
102,17.0,0.0013353620583984593,83.0,0.0
103,16.0,0.0009866234590845124,84.0,0.0
104,29.0,0.0018029327188742172,-28.0,0.0
105,22.0,0.001351582458937628,78.0,0.0
106,33.0,0.002630878352192667,-230.0,0.0
107,28.0,0.00590634129503087,72.0,0.0
108,65.0,0.003824840837296506,-262.0,0.0
109,21.0,0.0012267559022802743,79.0,0.0
110,24.0,0.0013628662150040327,-23.0,0.0
111,38.0,0.002171417892441241,-136.0,0.0
112,13.0,0.000743670077099523,-12.0,0.0
113,16.0,0.0009016426679409051,84.0,0.0
114,14.0,0.0032049394644673157,86.0,0.0
115,37.0,0.0022528725094161928,-36.0,0.0
116,19.0,0.0010395160675216175,81.0,0.0
117,13.0,0.0007750530248813448,-12.0,0.0
118,12.0,0.000708408338141453,88.0,0.0
119,17.0,0.0009337308506474074,-16.0,0.0
120,20.0,0.0012200561718600511,-19.0,0.0
121,27.0,0.0021777650049443764,-26.0,0.0
122,34.0,0.0017870649362521362,-132.0,0.0
123,26.0,0.0038685653939865006,-25.0,0.0
124,43.0,0.003412631107494235,-141.0,0.0
125,18.0,0.0010345794244130957,82.0,0.0
126,12.0,0.0007136975987123151,88.0,0.0
127,19.0,0.0010331689545637346,81.0,0.0
128,16.0,0.0008751963641770999,84.0,0.0
129,36.0,0.0022687402920382738,-134.0,0.0
130,15.0,0.0008342927467310801,-14.0,0.0
131,14.0,0.0007764634947307059,86.0,0.0
132,14.0,0.0015737314147372672,86.0,0.0
133,18.0,0.0017436929970244819,82.0,0.0
134,12.0,0.0011579955107663409,88.0,0.0
135,27.0,0.0014721776060468983,-125.0,0.0
136,12.0,0.0008875379726305255,88.0,0.0
137,12.0,0.00162098214514117,88.0,0.0
138,14.0,0.0007923312768980395,86.0,0.0
139,30.0,0.0032158706035261275,-128.0,0.0
140,20.0,0.0013399460849541356,-19.0,0.0
141,44.0,0.005114362635140424,-241.0,0.0
142,42.0,0.0029545811171374226,-239.0,0.0
143,13.0,0.001331483267222211,-12.0,0.0
144,12.0,0.0009862708420769195,88.0,0.0
145,35.0,0.0027479473260427767,-133.0,0.0
146,14.0,0.0012680121371886344,86.0,0.0
147,24.0,0.004365755914932379,-23.0,0.0
148,14.0,0.0009732239986988134,86.0,0.0
149,26.0,0.0014534888846355898,-25.0,0.0
150,16.0,0.0010419843897579995,84.0,0.0
151,21.0,0.0011597585980780423,79.0,0.0
152,35.0,0.0027631098741949245,-133.0,0.0
153,29.0,0.001968662892068096,-28.0,0.0
154,28.0,0.004786075844094739,-27.0,0.0
155,25.0,0.0014189323806022003,-123.0,0.0
156,38.0,0.0023272747789633286,-136.0,0.0
157,49.0,0.0027694569871528074,-444.0,0.0
158,37.0,0.0028018977864121553,-234.0,0.0
159,30.0,0.001734524944822624,-29.0,0.0
160,26.0,0.004165116619333276,-124.0,0.0
161,29.0,0.0034545925768725283,-28.0,0.0
162,18.0,0.0011766842326323967,82.0,0.0
163,18.0,0.001040926537825726,82.0,0.0
164,12.0,0.0012718909283648827,88.0,0.0
165,24.0,0.0013639240673910535,-23.0,0.0
166,14.0,0.0007831632251509291,86.0,0.0
167,15.0,0.0009587666854713461,-14.0,0.0
168,27.0,0.00358294530724379,-125.0,0.0
169,29.0,0.0016766956932769972,-28.0,0.0
170,12.0,0.0006770253903596313,88.0,0.0
171,24.0,0.001299395084970456,76.0,0.0
172,12.0,0.0006727939812662953,88.0,0.0
173,14.0,0.0007687059119234618,86.0,0.0
174,29.0,0.0015895991973593482,-28.0,0.0
175,16.0,0.0013276044760459627,84.0,0.0
176,16.0,0.0011326070589348092,84.0,0.0
177,14.0,0.0009019952854032454,86.0,0.0
178,16.0,0.002939418569440022,84.0,0.0
179,19.0,0.0013149102501301968,-18.0,0.0
180,17.0,0.0009365517894366349,-16.0,0.0
181,24.0,0.0016597700582678954,-23.0,0.0
182,12.0,0.00090446360718488,88.0,0.0
183,21.0,0.001428453049811651,-20.0,0.0
184,12.0,0.0006851355901744682,88.0,0.0
185,14.0,0.0009506564856565092,86.0,0.0
186,18.0,0.0011696318847498333,82.0,0.0
187,21.0,0.0011541167195900925,79.0,0.0
188,12.0,0.0007620061815032386,88.0,0.0
189,23.0,0.003497259281175502,-22.0,0.0
190,14.0,0.0013371251457101607,86.0,0.0
191,14.0,0.0014499627109216817,86.0,0.0
192,23.0,0.0014228111717784486,-121.0,0.0
193,22.0,0.001202425302381016,-21.0,0.0
194,52.0,0.0034979645161001827,-249.0,0.0
195,17.0,0.0009852129896898987,-16.0,0.0
196,15.0,0.0012694226065832481,85.0,0.0
197,13.0,0.0017288830667894217,87.0,0.0
198,15.0,0.002493710187081888,85.0,0.0
199,23.0,0.0014541941195602703,-22.0,0.0
200,20.0,0.001101929346077668,80.0,0.0
201,22.0,0.0011872627546836156,78.0,0.0
202,12.0,0.0007299179987967364,88.0,0.0
203,18.0,0.0011943151025661791,82.0,0.0
204,12.0,0.0007207499465948786,88.0,0.0
205,15.0,0.0010613783460939885,-14.0,0.0
206,27.0,0.0032775786471574975,-26.0,0.0
207,28.0,0.0020927842142555164,-27.0,0.0
208,28.0,0.0015335330326706753,-27.0,0.0
209,21.0,0.0011481222245492972,-119.0,0.0
210,17.0,0.0012355713374745392,83.0,0.0
211,28.0,0.0015084971978467365,-126.0,0.0
212,19.0,0.0012591967019943695,81.0,0.0
213,39.0,0.002138271857802465,-236.0,0.0
214,12.0,0.0007038243120405241,88.0,0.0
215,14.0,0.003898537871918961,86.0,0.0
216,16.0,0.0008977638767646567,84.0,0.0
217,12.0,0.000718281624813244,88.0,0.0
218,12.0,0.0007447279294865439,88.0,0.0
219,14.0,0.0008424029460911697,86.0,0.0
220,34.0,0.003843882176624902,-132.0,0.0
221,14.0,0.001501444849964173,86.0,0.0
222,31.0,0.0018621724402692053,-129.0,0.0
223,12.0,0.0035487414202179934,88.0,0.0
224,16.0,0.0019210595446566003,84.0,0.0
225,14.0,0.0013201995111558062,86.0,0.0
226,12.0,0.0008215985203605669,88.0,0.0
227,12.0,0.001049036737640563,88.0,0.0
228,16.0,0.00173276185796567,84.0,0.0
229,12.0,0.0007429648421748425,88.0,0.0
230,14.0,0.000803615033873939,86.0,0.0
231,16.0,0.001762734336352878,84.0,0.0
232,16.0,0.0016865689799487882,84.0,0.0
233,14.0,0.0011209706854060641,86.0,0.0
234,16.0,0.0009383148767483362,84.0,0.0
235,22.0,0.001406238154231687,78.0,0.0
236,12.0,0.0008829539460748492,88.0,0.0
237,39.0,0.002442580665501737,-137.0,0.0
238,14.0,0.0007923312773527869,86.0,0.0
239,12.0,0.001010954059438518,88.0,0.0
240,12.0,0.0006914827031323512,88.0,0.0
241,16.0,0.0009256206508325704,84.0,0.0
242,12.0,0.0007299179987967364,88.0,0.0
243,32.0,0.004311805454108253,-130.0,0.0
244,23.0,0.0012838799198107154,-22.0,0.0
245,12.0,0.0006713835118716815,88.0,0.0
246,18.0,0.00098098158105131,82.0,0.0
247,12.0,0.0007387334335362539,88.0,0.0
248,14.0,0.0007778739636705723,86.0,0.0
249,16.0,0.0008840117984618701,84.0,0.0
250,12.0,0.0011611690679274034,88.0,0.0
251,24.0,0.0013406513194240688,-23.0,0.0
252,14.0,0.0007799896684446139,86.0,0.0
253,24.0,0.0022856659265926282,-23.0,0.0
254,14.0,0.0016960896496129862,86.0,0.0
255,13.0,0.0008766068335717137,-12.0,0.0
256,18.0,0.0010504472070351767,-17.0,0.0
257,32.0,0.001757445075782016,-31.0,0.0
258,14.0,0.0009023479028655856,86.0,0.0
259,39.0,0.002083263544136571,-137.0,0.0
260,12.0,0.0008201880509659532,88.0,0.0
261,16.0,0.0012320451633058838,84.0,0.0
262,14.0,0.0008124304681587091,86.0,0.0
263,14.0,0.0010920560589511297,86.0,0.0
264,14.0,0.001121323302413657,86.0,0.0
265,25.0,0.002756762760782294,-24.0,0.0
266,22.0,0.0011890258415405697,-21.0,0.0
267,12.0,0.0006763201554349507,88.0,0.0
268,19.0,0.0011146235719934339,81.0,0.0
269,12.0,0.0008180723461919115,88.0,0.0
270,16.0,0.0009446619897062192,84.0,0.0
271,12.0,0.0006752623035026772,88.0,0.0
272,12.0,0.0007789318160575931,88.0,0.0
273,32.0,0.0019602000747909187,-31.0,0.0
274,14.0,0.0007796370509822736,86.0,0.0
275,22.0,0.0023163436399045167,-120.0,0.0
276,14.0,0.002210911039583152,86.0,0.0
277,19.0,0.0010867667979255202,-18.0,0.0
278,15.0,0.0009012900504785648,85.0,0.0
279,15.0,0.0008342927462763328,-14.0,0.0
280,12.0,0.0006759675379726104,88.0,0.0
281,14.0,0.0009203313898069609,86.0,0.0
282,19.0,0.0010342268069507554,81.0,0.0
283,14.0,0.0009294994415540714,86.0,0.0
284,15.0,0.0009309099114034325,85.0,0.0
285,12.0,0.0007464910163434979,88.0,0.0
286,39.0,0.0021093572313475306,-137.0,0.0
287,16.0,0.0028167077171019628,84.0,0.0
288,18.0,0.0011093343109678244,82.0,0.0
289,19.0,0.0011689266502799,81.0,0.0
290,12.0,0.0007225130334518326,88.0,0.0
291,24.0,0.0012828220674236945,-122.0,0.0
292,17.0,0.0011149761899105215,-16.0,0.0
293,32.0,0.0017112521973103867,-31.0,0.0
294,16.0,0.0012380396588014264,84.0,0.0
295,28.0,0.0014707671371070319,-225.0,0.0
296,25.0,0.0013653345372404146,-24.0,0.0
297,16.0,0.0013783813801637734,-15.0,0.0
298,16.0,0.00201732409232136,84.0,0.0
299,14.0,0.0007877472507971106,86.0,0.0
300,14.0,0.0008205406679735461,86.0,0.0
301,28.0,0.0014834613630227977,-27.0,0.0
302,18.0,0.0010194168767156953,82.0,0.0
303,13.0,0.0007549538336206751,87.0,0.0
304,29.0,0.0015698526240157662,-28.0,0.0
305,12.0,0.0007866893988648371,88.0,0.0
306,15.0,0.000979218494194356,85.0,0.0
307,29.0,0.0015000343805695593,-28.0,0.0
308,28.0,0.0019457427620181988,-126.0,0.0
309,15.0,0.00218516997028928,85.0,0.0
310,31.0,0.0016967948840829195,-30.0,0.0
311,12.0,0.0007739951729490713,88.0,0.0
312,12.0,0.0006876039119561028,88.0,0.0
313,12.0,0.000650931703603419,88.0,0.0
314,14.0,0.0007648271202924661,86.0,0.0
315,14.0,0.0007471962508134311,86.0,0.0
316,18.0,0.0009443093722438789,-17.0,0.0
317,12.0,0.0007380281986115733,88.0,0.0
318,14.0,0.0010504472070351767,86.0,0.0
319,18.0,0.0009517143375887827,82.0,0.0
320,40.0,0.0023149331700551556,-138.0,0.0
321,16.0,0.0018311421104044712,84.0,0.0
322,29.0,0.00162098214514117,-28.0,0.0
323,14.0,0.0007845736945455428,86.0,0.0
324,14.0,0.0007743477899566642,86.0,0.0
325,23.0,0.0012584914675244363,-22.0,0.0
326,16.0,0.0008603864334872924,84.0,0.0
327,12.0,0.0007211025640572188,88.0,0.0
328,16.0,0.00091045810313517,84.0,0.0
329,14.0,0.001027174459068192,86.0,0.0
330,22.0,0.0011537641025824996,-21.0,0.0
331,43.0,0.004008201880424167,-240.0,0.0
332,16.0,0.0011170918937750685,84.0,0.0
333,15.0,0.0008166618772520451,-14.0,0.0
334,19.0,0.0010384582160440914,-18.0,0.0
335,21.0,0.0013713290327359573,-20.0,0.0
336,14.0,0.0009436041377739457,86.0,0.0
337,16.0,0.000876254215654626,84.0,0.0
338,12.0,0.0007267444425451686,88.0,0.0
339,18.0,0.00132160998055042,82.0,0.0
340,14.0,0.0007690585289310548,86.0,0.0
341,22.0,0.0011544693370524328,-21.0,0.0
342,12.0,0.0006667994857707527,88.0,0.0
343,25.0,0.004227529897434579,-24.0,0.0
344,32.0,0.002191517083247163,-31.0,0.0
345,14.0,0.0012810589801119932,86.0,0.0
346,12.0,0.0006833725028627669,88.0,0.0
347,23.0,0.0013529929283322417,-22.0,0.0
348,14.0,0.0011125078676741396,86.0,0.0
349,12.0,0.0011650478591036517,88.0,0.0
350,12.0,0.0011329596763971495,88.0,0.0
351,18.0,0.001086061563455587,82.0,0.0
352,14.0,0.0018526517710597545,86.0,0.0
353,14.0,0.001998635370455304,86.0,0.0
354,19.0,0.001094171763270424,-18.0,0.0
355,30.0,0.0016439022756458144,-29.0,0.0
356,12.0,0.0006939510249139857,88.0,0.0
357,16.0,0.0009464250765631732,84.0,0.0
358,12.0,0.000659041903418256,88.0,0.0
359,14.0,0.0011890258415405697,86.0,0.0
360,36.0,0.001861467205799272,-134.0,0.0
361,12.0,0.0007690585289310548,88.0,0.0
362,14.0,0.0013043317285337253,86.0,0.0
363,12.0,0.002143208500910987,88.0,0.0
364,15.0,0.0009619402421776613,-14.0,0.0
365,12.0,0.0006667994857707527,88.0,0.0
366,14.0,0.0007528381293013808,86.0,0.0
367,13.0,0.0007531907467637211,87.0,0.0
368,32.0,0.0017711971536300553,-31.0,0.0
369,16.0,0.0009580614510014129,84.0,0.0
370,13.0,0.0007126397467800416,87.0,0.0
371,12.0,0.0006586892859559157,88.0,0.0
372,17.0,0.0014524310327033163,-16.0,0.0
373,12.0,0.0006632733120568446,88.0,0.0
374,25.0,0.0012895217978439177,-123.0,0.0
375,14.0,0.003299793542282714,86.0,0.0
376,16.0,0.0008769594505793066,84.0,0.0
377,15.0,0.0008399346247642825,85.0,0.0
378,12.0,0.0006706782774017483,88.0,0.0
379,12.0,0.0008480448245791194,88.0,0.0
380,15.0,0.0008424029465459171,85.0,0.0
381,12.0,0.001541643232030765,88.0,0.0
382,14.0,0.0010109540589837707,86.0,0.0
383,16.0,0.001485929684349685,84.0,0.0
384,23.0,0.0012493234153225785,-22.0,0.0
385,12.0,0.0007136975987123151,88.0,0.0
386,12.0,0.000840639859688963,88.0,0.0
387,12.0,0.0025279140741076844,88.0,0.0
388,16.0,0.000975692320480448,84.0,0.0
389,23.0,0.0014721776065016456,-22.0,0.0
390,17.0,0.0011290808852209011,-16.0,0.0
391,21.0,0.0015278911541827256,-119.0,0.0
392,14.0,0.0008011467120923044,86.0,0.0
393,12.0,0.0007017086077212298,88.0,0.0
394,21.0,0.0016407287189394992,-20.0,0.0
395,28.0,0.001618866441276623,-27.0,0.0
396,12.0,0.0008395820077566896,88.0,0.0
397,12.0,0.0014189323806022003,88.0,0.0
398,14.0,0.0011255547110522457,86.0,0.0
399,14.0,0.0011498853114062513,86.0,0.0
400,12.0,0.0006717361293340218,88.0,0.0
401,22.0,0.0011438908154559613,-120.0,0.0
402,15.0,0.0007972679204613087,-14.0,0.0
403,12.0,0.000706645251284499,88.0,0.0
404,23.0,0.0011999569805993815,-22.0,0.0
405,16.0,0.000937609642278403,84.0,0.0
406,23.0,0.0015374118233921763,-121.0,0.0
407,15.0,0.0008205406684282934,-14.0,0.0
408,15.0,0.0009143368938566709,-14.0,0.0
409,14.0,0.0008589759640926786,86.0,0.0
410,12.0,0.002268035057113593,88.0,0.0
411,12.0,0.0006745570681232493,88.0,0.0
412,22.0,0.0011569376588340674,-21.0,0.0
413,12.0,0.0010603204937069677,88.0,0.0
414,17.0,0.0009369044073537225,-16.0,0.0
415,13.0,0.0014214007023838349,87.0,0.0
416,12.0,0.0011900836934728432,88.0,0.0
417,14.0,0.0018304368754797906,86.0,0.0
418,25.0,0.001364629302315734,-24.0,0.0
419,13.0,0.0037648958809768374,87.0,0.0
420,13.0,0.0007228656509141729,87.0,0.0
421,12.0,0.0015278911541827256,88.0,0.0
422,14.0,0.0007627114159731718,86.0,0.0
423,12.0,0.0006872512944937625,88.0,0.0
424,12.0,0.0006558683467119408,88.0,0.0
425,24.0,0.0018445415712449176,-23.0,0.0
426,14.0,0.002320222431080765,86.0,0.0
427,24.0,0.0030184048646333395,-23.0,0.0
428,14.0,0.0009834499028329446,86.0,0.0
429,12.0,0.0006622154596698238,88.0,0.0
430,15.0,0.0007986783898559224,85.0,0.0
431,13.0,0.000702413842191163,87.0,0.0
432,13.0,0.0006978298160902341,-12.0,0.0
433,18.0,0.0009499512507318286,82.0,0.0
434,24.0,0.00160053033641816,-23.0,0.0
435,15.0,0.0008223037548305001,-14.0,0.0
436,12.0,0.0006858408246444014,88.0,0.0
437,12.0,0.0016960896496129862,88.0,0.0
438,12.0,0.0007514276599067671,88.0,0.0
439,12.0,0.0009213892421939818,88.0,0.0
440,12.0,0.0011347227637088508,88.0,0.0
441,12.0,0.0008554497899240232,88.0,0.0
442,12.0,0.001673522136570682,88.0,0.0
443,14.0,0.0014326844584502396,86.0,0.0
444,18.0,0.0009728713812364731,-17.0,0.0
445,14.0,0.0007588326252516708,86.0,0.0
446,12.0,0.0007641218858225329,88.0,0.0
447,18.0,0.0009845077547652181,-17.0,0.0
448,17.0,0.0009111633376051032,-16.0,0.0
449,12.0,0.0010476262677912018,88.0,0.0
450,23.0,0.0013611031281470787,-22.0,0.0
451,13.0,0.0007122871293177013,87.0,0.0
452,12.0,0.0006657416338384792,88.0,0.0
453,20.0,0.0015807837626198307,-19.0,0.0
454,18.0,0.0023717045701232564,82.0,0.0
455,12.0,0.0007055873988974781,88.0,0.0
456,19.0,0.0010726621026151406,-18.0,0.0
457,12.0,0.0007027664596535033,88.0,0.0
458,14.0,0.0008237142246798612,86.0,0.0
459,14.0,0.0007810475203768874,86.0,0.0
460,31.0,0.0018283211711604963,-129.0,0.0
461,12.0,0.0008984691112345899,88.0,0.0
462,14.0,0.0008988217291516776,86.0,0.0
463,12.0,0.0006636259295191849,88.0,0.0
464,12.0,0.0006985350510149146,88.0,0.0
465,17.0,0.00145384150209793,-16.0,0.0
466,12.0,0.0012041883892379701,88.0,0.0
467,14.0,0.0007627114164279192,86.0,0.0
468,18.0,0.0009665242678238428,-17.0,0.0
469,15.0,0.0008085516769824608,-14.0,0.0
470,14.0,0.0007560116855529486,86.0,0.0
471,12.0,0.0006505790861410787,88.0,0.0
472,15.0,0.0008480448250338668,-14.0,0.0
473,12.0,0.0006960667292332801,88.0,0.0
474,12.0,0.000653047407467966,88.0,0.0
475,14.0,0.0009238575639756164,86.0,0.0
476,12.0,0.0011103921633548453,88.0,0.0
477,14.0,0.0007680006769987813,86.0,0.0
478,14.0,0.0007701163813180756,86.0,0.0
479,16.0,0.0009270311202271841,84.0,0.0
480,12.0,0.0010560890855231264,88.0,0.0
481,12.0,0.0018487729798835062,88.0,0.0
482,12.0,0.0016996158233268943,88.0,0.0
483,20.0,0.0010807723024299776,80.0,0.0
484,14.0,0.0007644745032848732,86.0,0.0
485,12.0,0.0006678573377030261,88.0,0.0
486,12.0,0.0006618628426622308,88.0,0.0
487,16.0,0.0009584140680090059,84.0,0.0
488,26.0,0.0015226018931571161,-124.0,0.0
489,20.0,0.0011876153716912086,-19.0,0.0
490,12.0,0.0006629206945945043,88.0,0.0
491,16.0,0.0010201221116403758,84.0,0.0
492,12.0,0.0008991743466140178,88.0,0.0
493,12.0,0.0023706467177362356,88.0,0.0
494,27.0,0.0022331259356178634,-125.0,0.0
495,20.0,0.0011703371201292612,-19.0,0.0
496,14.0,0.0008907115288820933,86.0,0.0
497,12.0,0.0007489593381251325,88.0,0.0
498,16.0,0.0008614442854195659,84.0,0.0
499,12.0,0.0009090476332858088,88.0,0.0
500,41.0,0.003127011021206272,-139.0,0.0
501,12.0,0.003643242881025799,88.0,0.0
502,14.0,0.0011523536331878859,86.0,0.0
503,14.0,0.0011216759198759974,86.0,0.0
504,14.0,0.001114270954985841,86.0,0.0
505,14.0,0.0015483429624509881,86.0,0.0
506,12.0,0.0006865460600238293,88.0,0.0
507,22.0,0.0011978412762800872,-120.0,0.0
508,14.0,0.0008353505986633536,86.0,0.0
509,12.0,0.0009079897813535354,88.0,0.0
510,12.0,0.0006713835118716815,88.0,0.0
511,25.0,0.0015338856496782682,-24.0,0.0
512,12.0,0.00260196372619248,88.0,0.0
513,12.0,0.0006805515640735393,88.0,0.0
514,14.0,0.0013477036673066323,86.0,0.0
515,16.0,0.0008864801202435046,84.0,0.0
516,14.0,0.0007581273903269903,86.0,0.0
517,13.0,0.0007616535640408983,87.0,0.0
518,12.0,0.0006572788165613019,88.0,0.0
519,29.0,0.0015483429629057355,-28.0,0.0
520,13.0,0.0014178745282151795,-12.0,0.0
521,18.0,0.0012362765719444724,82.0,0.0
522,35.0,0.001968310275060503,-133.0,0.0
523,12.0,0.0015638581280654762,88.0,0.0
524,13.0,0.0022260735877353,87.0,0.0
525,47.0,0.00290733038673352,-343.0,0.0
526,25.0,0.001567031684317044,-24.0,0.0
527,21.0,0.001420342849996814,-20.0,0.0
528,12.0,0.0011093343109678244,88.0,0.0
529,16.0,0.0008896536764950724,84.0,0.0
530,12.0,0.0006826672683928336,88.0,0.0
531,37.0,0.00246973220464497,-135.0,0.0
532,12.0,0.002163660309633997,88.0,0.0
533,12.0,0.0007041769295028644,88.0,0.0
534,14.0,0.0007711742332503491,86.0,0.0
535,21.0,0.0011047502853216429,-20.0,0.0
536,12.0,0.0006967719641579606,88.0,0.0
537,14.0,0.0010003755373872991,86.0,0.0
538,14.0,0.0007870420158724301,86.0,0.0
539,13.0,0.00072251303390658,-12.0,0.0
540,23.0,0.0013413565543487493,-22.0,0.0
541,12.0,0.0008191301990336797,88.0,0.0
542,16.0,0.000999670302917366,84.0,0.0
543,14.0,0.0007542485986959946,86.0,0.0
544,13.0,0.0007080557202243654,-12.0,0.0
545,14.0,0.0034609396902851586,86.0,0.0
546,14.0,0.0007768161117382988,86.0,0.0
547,16.0,0.0008818960945973231,84.0,0.0
548,12.0,0.0007136975987123151,88.0,0.0
549,12.0,0.0007270970595527615,88.0,0.0
550,12.0,0.0007323863205783709,88.0,0.0
551,14.0,0.000765884972679487,86.0,0.0
552,23.0,0.001275769719541131,-22.0,0.0
553,16.0,0.0010370477461947303,84.0,0.0
554,12.0,0.0008494552944284806,88.0,0.0
555,19.0,0.0010169485549340607,-18.0,0.0
556,12.0,0.0007969153029989684,88.0,0.0
557,17.0,0.0025659967523097293,83.0,0.0
558,12.0,0.0017221833363691985,88.0,0.0
559,14.0,0.001323373067407374,86.0,0.0
560,12.0,0.0006671521032330929,88.0,0.0
561,12.0,0.0006992402859395952,88.0,0.0
562,12.0,0.0006622154596698238,88.0,0.0
563,16.0,0.000969697824530158,84.0,0.0
564,21.0,0.0012274611372049549,-20.0,0.0
565,13.0,0.0010948769986498519,87.0,0.0
566,12.0,0.0006791410946789256,88.0,0.0
567,12.0,0.0007803422859069542,88.0,0.0
568,12.0,0.0007207499465948786,88.0,0.0
569,27.0,0.003393237151158246,-26.0,0.0
570,16.0,0.0010557364680607861,84.0,0.0
571,14.0,0.000771879468629777,86.0,0.0
572,16.0,0.0008473395896544389,84.0,0.0
573,13.0,0.0007080557206791127,87.0,0.0
574,15.0,0.0008977638767646567,85.0,0.0
575,12.0,0.0006523421729980328,88.0,0.0
576,12.0,0.0006872512944937625,88.0,0.0
577,22.0,0.0014831087455604575,-21.0,0.0
578,14.0,0.0007581273903269903,86.0,0.0
579,14.0,0.0007507224249820865,86.0,0.0
580,19.0,0.001019064259253355,-18.0,0.0
581,14.0,0.0009859182246145792,86.0,0.0
582,14.0,0.0020176767097837,86.0,0.0
583,15.0,0.0008290034857054707,-14.0,0.0
584,15.0,0.0008621495203442464,85.0,0.0
585,15.0,0.0008163092593349575,-14.0,0.0
586,12.0,0.0006597471383429365,88.0,0.0
587,14.0,0.0007979731553859892,86.0,0.0
588,16.0,0.0008836591809995298,84.0,0.0
589,14.0,0.0007602430946462846,86.0,0.0
590,13.0,0.0007274496770151018,87.0,0.0
591,12.0,0.000700298138326616,88.0,0.0
592,12.0,0.0008607390509496327,88.0,0.0
593,14.0,0.0008519236157553678,86.0,0.0
594,13.0,0.000744022694107116,87.0,0.0
595,14.0,0.0009654664158915693,86.0,0.0
596,12.0,0.0022454675445260364,88.0,0.0
597,14.0,0.0010536207637414918,86.0,0.0
598,14.0,0.0007623587985108315,86.0,0.0
599,14.0,0.0007542485986959946,86.0,0.0
600,12.0,0.0006544578773173271,88.0,0.0
601,16.0,0.0008508657638230943,84.0,0.0
602,12.0,0.000662568077132164,88.0,0.0
603,12.0,0.0006713835118716815,88.0,0.0
604,12.0,0.0006544578773173271,88.0,0.0
605,12.0,0.0006502264682239911,88.0,0.0
606,14.0,0.0009943810418917565,86.0,0.0
607,16.0,0.0010148328506147664,84.0,0.0
608,14.0,0.0007613009465785581,86.0,0.0
609,20.0,0.001238744893726107,-19.0,0.0
610,12.0,0.001966899805211142,88.0,0.0
611,16.0,0.001033168955018482,84.0,0.0
612,14.0,0.0007665902076041675,86.0,0.0
613,12.0,0.000700650755334209,88.0,0.0
614,14.0,0.0007651797377548064,86.0,0.0
615,18.0,0.0009806289640437171,-116.0,0.0
616,12.0,0.0007260392071657407,88.0,0.0
617,12.0,0.0006660942508460721,88.0,0.0
618,16.0,0.0008610916684119729,84.0,0.0
619,14.0,0.0011717475890691276,86.0,0.0
620,12.0,0.0007052347814351378,88.0,0.0
621,12.0,0.0007302706162590766,88.0,0.0
622,12.0,0.0007302706162590766,88.0,0.0
623,12.0,0.0006632733120568446,88.0,0.0
624,15.0,0.0011696318852045806,85.0,0.0
625,12.0,0.002010976979363477,88.0,0.0
626,12.0,0.0006823146509304934,88.0,0.0
627,20.0,0.001066667607119598,-19.0,0.0
628,14.0,0.0007553064510830154,86.0,0.0
629,12.0,0.0006516369380733522,88.0,0.0
630,14.0,0.00075178027691436,86.0,0.0
631,18.0,0.0009478355464125343,82.0,0.0
632,14.0,0.0007510750424444268,86.0,0.0
633,14.0,0.0013360672937778872,86.0,0.0
634,15.0,0.0008515709987477749,85.0,0.0
635,15.0,0.0008191301985789323,85.0,0.0
636,12.0,0.0006685625726277067,88.0,0.0
637,12.0,0.0007214551815195591,88.0,0.0
638,14.0,0.0025998480218731856,86.0,0.0
639,15.0,0.0008438134159405308,-14.0,0.0
640,13.0,0.000726039207620488,87.0,0.0
641,12.0,0.0012331030152381572,88.0,0.0
642,14.0,0.0007708216162427561,86.0,0.0
643,12.0,0.0006819620339229004,88.0,0.0
644,21.0,0.0012398027456583804,-20.0,0.0
645,12.0,0.0006593945208805962,88.0,0.0
646,14.0,0.0007923312768980395,86.0,0.0
647,12.0,0.0009238575639756164,88.0,0.0
648,12.0,0.0006600997553505294,88.0,0.0
649,12.0,0.0006558683467119408,88.0,0.0
650,12.0,0.0006498738512163982,88.0,0.0
651,14.0,0.0007503698075197462,86.0,0.0
652,12.0,0.001725709510537854,88.0,0.0
653,14.0,0.0014481996236099803,86.0,0.0
654,12.0,0.0007605957116538775,88.0,0.0
655,14.0,0.0007962100685290352,86.0,0.0
656,12.0,0.0006615102251998906,88.0,0.0
657,13.0,0.0007055873988974781,87.0,0.0
658,12.0,0.0006893669988130569,88.0,0.0
659,14.0,0.0008258299289991555,86.0,0.0
660,16.0,0.000912221189992124,84.0,0.0
661,12.0,0.0006604523728128697,88.0,0.0
662,12.0,0.001004606946480635,88.0,0.0
663,12.0,0.0006667994857707527,88.0,0.0
664,12.0,0.000670678276947001,88.0,0.0
665,16.0,0.0008550971724616829,84.0,0.0
666,14.0,0.0007986783903106698,86.0,0.0
667,13.0,0.002927076960531849,87.0,0.0
668,12.0,0.0008187775815713394,88.0,0.0
669,13.0,0.0007126397467800416,87.0,0.0
670,19.0,0.0011290808847661538,-18.0,0.0
671,14.0,0.000775758259351278,86.0,0.0
672,12.0,0.0007221604159894923,88.0,0.0
673,14.0,0.0007849263120078831,86.0,0.0
674,14.0,0.0007567169204776292,86.0,0.0
675,22.0,0.0011502379284138442,78.0,0.0
676,12.0,0.0011847944324472337,88.0,0.0
677,12.0,0.0007048821639727976,88.0,0.0
678,12.0,0.0006646837814514583,88.0,0.0
679,14.0,0.0008141935554704105,86.0,0.0
680,19.0,0.0029404764213722956,-18.0,0.0
681,12.0,0.0011311965895401954,88.0,0.0
682,12.0,0.0006657416338384792,88.0,0.0
683,16.0,0.0008882432071004587,84.0,0.0
684,14.0,0.0007602430946462846,86.0,0.0
685,14.0,0.0007567169204776292,86.0,0.0
686,15.0,0.0008279456333184498,-14.0,0.0
687,12.0,0.0006491686162917176,88.0,0.0
688,12.0,0.000643174120796175,88.0,0.0
689,13.0,0.0007002981378718687,87.0,0.0
690,13.0,0.0008653230765958142,-12.0,0.0
691,16.0,0.0008970586418399762,84.0,0.0
692,23.0,0.0012094776502635796,-22.0,0.0
693,18.0,0.0018692247881517687,-17.0,0.0
694,14.0,0.0016625909975118702,86.0,0.0
695,12.0,0.0006971245811655535,88.0,0.0
696,26.0,0.001372739502130571,-25.0,0.0
697,13.0,0.0007115818943930208,87.0,0.0
698,14.0,0.0010550312331361056,86.0,0.0
699,12.0,0.000791626041973359,88.0,0.0
700,13.0,0.0007838684596208623,87.0,0.0
701,16.0,0.000856507642311044,84.0,0.0
702,16.0,0.0011936098676414986,84.0,0.0
703,12.0,0.0007179290073509037,88.0,0.0
704,15.0,0.0008797803902780288,-14.0,0.0
705,13.0,0.0007919786594356992,-12.0,0.0
706,12.0,0.0014524310327033163,88.0,0.0
707,12.0,0.0016047617450567486,88.0,0.0
708,14.0,0.0008272403983937693,86.0,0.0
709,14.0,0.0013836706411893829,86.0,0.0
710,12.0,0.0007203973291325383,88.0,0.0
711,14.0,0.0007694111468481424,86.0,0.0
712,12.0,0.0007062926333674113,88.0,0.0
713,14.0,0.0009129264249168045,86.0,0.0
714,12.0,0.000721807798527152,88.0,0.0
715,14.0,0.0010229430504296033,86.0,0.0
716,14.0,0.000888595824562799,86.0,0.0
717,12.0,0.0007161659204939497,88.0,0.0
718,14.0,0.0008476922075715265,86.0,0.0
719,14.0,0.0008131357030833897,86.0,0.0
720,12.0,0.0011202654504813836,88.0,0.0
721,14.0,0.0011837365805149602,86.0,0.0
722,14.0,0.0011488274590192304,86.0,0.0
723,12.0,0.0016618857625871897,88.0,0.0
724,12.0,0.0006960667292332801,88.0,0.0
725,12.0,0.0006639785465267778,88.0,0.0
726,12.0,0.0007062926333674113,88.0,0.0
727,12.0,0.0007316810856536904,88.0,0.0
728,12.0,0.0007408491378555482,88.0,0.0
729,14.0,0.0010374003636570706,86.0,0.0
730,12.0,0.001446083919290686,88.0,0.0
731,14.0,0.0008498079114360735,86.0,0.0
732,12.0,0.0006953614943085995,88.0,0.0
733,12.0,0.0008441660334028711,88.0,0.0
734,12.0,0.002068453614356258,88.0,0.0
735,12.0,0.0007560116855529486,88.0,0.0
736,14.0,0.0008078464425125276,86.0,0.0
737,12.0,0.0006745570685779967,88.0,0.0
738,14.0,0.0008833065635371895,86.0,0.0
739,31.0,0.0019781835621870414,-129.0,0.0
740,12.0,0.000668915190090047,88.0,0.0
741,12.0,0.0006798463291488588,88.0,0.0
742,26.0,0.0013759130588368862,-25.0,0.0
743,26.0,0.0017916489623530651,-25.0,0.0
744,14.0,0.0008487500595038,86.0,0.0
745,17.0,0.0009460724595555803,-16.0,0.0
746,14.0,0.001955263431682397,86.0,0.0
747,14.0,0.0007630640334355121,86.0,0.0
748,12.0,0.0006565735816366214,88.0,0.0
749,12.0,0.0006625680775869114,88.0,0.0
750,12.0,0.0006738518336533161,88.0,0.0
751,12.0,0.0006837251207798545,88.0,0.0
752,12.0,0.0006551631117872603,88.0,0.0
753,17.0,0.0008974112593023165,83.0,0.0
754,12.0,0.0006541052598549868,88.0,0.0
755,24.0,0.0014929820322322485,-122.0,0.0
756,18.0,0.0010853563289856538,-17.0,0.0
757,12.0,0.0006579840514859825,88.0,0.0
758,12.0,0.0006565735816366214,88.0,0.0
759,13.0,0.0013343042064661859,87.0,0.0
760,12.0,0.0018991972665389767,88.0,0.0
761,12.0,0.0007433174596371828,88.0,0.0
762,12.0,0.0007196920942078577,88.0,0.0
763,14.0,0.0007665902076041675,86.0,0.0
764,14.0,0.0007535433642260614,86.0,0.0
765,13.0,0.0007475488682757714,87.0,0.0
766,12.0,0.0008191301985789323,88.0,0.0
767,12.0,0.0006597471378881892,88.0,0.0
768,12.0,0.0006622154601245711,88.0,0.0
769,12.0,0.0006932457904440525,88.0,0.0
770,12.0,0.000993675806967076,88.0,0.0
771,12.0,0.0006865460600238293,88.0,0.0
772,12.0,0.0006629206945945043,88.0,0.0
773,12.0,0.0007479014857381117,88.0,0.0
774,14.0,0.002074095491934713,86.0,0.0
775,22.0,0.001764497423209832,-21.0,0.0
776,14.0,0.0007792844335199334,86.0,0.0
777,23.0,0.0012461498590710107,-22.0,0.0
778,12.0,0.0006682099556201138,88.0,0.0
779,12.0,0.0007528381293013808,88.0,0.0
780,12.0,0.0007348546423600055,88.0,0.0
781,17.0,0.0009108107201427629,-16.0,0.0
782,16.0,0.0009146895113190112,84.0,0.0
783,15.0,0.001396364867559896,85.0,0.0
784,12.0,0.0013766182937615667,88.0,0.0
785,19.0,0.004963089774719265,-18.0,0.0
786,12.0,0.0009090476332858088,88.0,0.0
787,14.0,0.0008113726162264356,86.0,0.0
788,12.0,0.0007708216157880088,88.0,0.0
789,12.0,0.0006583366684935754,88.0,0.0
790,16.0,0.0010098962070514972,84.0,0.0
791,20.0,0.0012429763023646956,-19.0,0.0
792,12.0,0.0007648271202924661,88.0,0.0
793,12.0,0.0010945243807327643,88.0,0.0
794,12.0,0.0006985350510149146,88.0,0.0
795,12.0,0.0010356372768001165,88.0,0.0
796,12.0,0.0008649704595882213,88.0,0.0
797,15.0,0.0031714408123661997,-14.0,0.0
798,14.0,0.0009852129896898987,86.0,0.0
799,14.0,0.000862854755268927,86.0,0.0
800,14.0,0.0008286508682431304,86.0,0.0
801,14.0,0.0009820394329835835,86.0,0.0
802,12.0,0.0009644085635045485,88.0,0.0
803,18.0,0.0010282323114552128,82.0,0.0
804,17.0,0.000973223998244066,-16.0,0.0
805,13.0,0.0011579955112210882,87.0,0.0
806,12.0,0.0006734992161909759,88.0,0.0
807,14.0,0.000769411146393395,86.0,0.0
808,12.0,0.0009414884334546514,88.0,0.0
809,20.0,0.006527653137254674,-19.0,0.0
810,16.0,0.0013025686412220239,84.0,0.0
811,12.0,0.0017175993102682696,88.0,0.0
812,14.0,0.0007951522161420144,86.0,0.0
813,12.0,0.0022870763964419893,88.0,0.0
814,12.0,0.0016114614759317192,88.0,0.0
815,15.0,0.005200401278671052,85.0,0.0
816,12.0,0.0012891691803815775,88.0,0.0
817,12.0,0.0008000888597052835,88.0,0.0
818,24.0,0.0020279026143725787,-23.0,0.0
819,12.0,0.0006724413642587024,88.0,0.0
820,12.0,0.0008349979812010133,88.0,0.0
821,12.0,0.001345235345979745,88.0,0.0
822,24.0,0.0012888165633739845,-23.0,0.0
823,12.0,0.0007038243120405241,88.0,0.0
824,13.0,0.003550857124992035,87.0,0.0
825,14.0,0.001861467205799272,86.0,0.0
826,22.0,0.0012747118676088576,-21.0,0.0
827,14.0,0.0008085516769824608,86.0,0.0
828,12.0,0.0006745570681232493,88.0,0.0
829,13.0,0.0009506564852017618,87.0,0.0
830,12.0,0.0006759675379726104,88.0,0.0
831,12.0,0.0010433948591526132,88.0,0.0
832,18.0,0.0009788658767320157,-17.0,0.0
833,13.0,0.0009788658767320157,-12.0,0.0
834,12.0,0.0007337967899729847,88.0,0.0
835,14.0,0.002519098639368167,86.0,0.0
836,14.0,0.0007919786594356992,86.0,0.0
837,12.0,0.0006579840510312351,88.0,0.0
838,12.0,0.0006555157292496006,88.0,0.0
839,21.0,0.0010991084068336932,-20.0,0.0
840,12.0,0.0009559457462273713,88.0,0.0
841,16.0,0.0009718135288494523,84.0,0.0
842,22.0,0.0011798577893387119,-21.0,0.0
843,12.0,0.0006579840510312351,88.0,0.0
844,14.0,0.0008395820077566896,86.0,0.0
845,12.0,0.00106314143340569,88.0,0.0
846,14.0,0.0007595378592668567,86.0,0.0
847,12.0,0.0006604523732676171,88.0,0.0
848,16.0,0.000965466415436822,84.0,0.0
849,18.0,0.00217036004005422,82.0,0.0
850,12.0,0.0014436155979637988,88.0,0.0
851,14.0,0.0008385241549149214,86.0,0.0
852,12.0,0.0007637692683601927,88.0,0.0
853,14.0,0.0007771687292006391,86.0,0.0
854,12.0,0.0007295653813343961,88.0,0.0
855,12.0,0.0006579840514859825,88.0,0.0
856,12.0,0.0006608049898204627,88.0,0.0
857,16.0,0.0008575654942433175,84.0,0.0
858,14.0,0.0010987557893713529,86.0,0.0
859,19.0,0.0010663149896572577,-18.0,0.0
860,12.0,0.0006685625726277067,88.0,0.0
861,12.0,0.0006784358602089924,88.0,0.0
862,14.0,0.0009400779636052903,86.0,0.0
863,12.0,0.0025056991785277205,88.0,0.0
864,12.0,0.0007151080685616762,88.0,0.0
865,12.0,0.000717929007805651,88.0,0.0
866,14.0,0.0009323203812527936,86.0,0.0
867,12.0,0.0006643311639891181,88.0,0.0
868,12.0,0.0007623587989655789,88.0,0.0
869,12.0,0.0006682099551653664,88.0,0.0
870,12.0,0.0007380281986115733,88.0,0.0
871,12.0,0.0006759675379726104,88.0,0.0
872,14.0,0.0008381715379073285,86.0,0.0
873,14.0,0.0013857863455086772,86.0,0.0
874,12.0,0.0007486067206627922,88.0,0.0
875,12.0,0.0009467776944802608,88.0,0.0
876,12.0,0.0008473395901091862,88.0,0.0
877,13.0,0.0023903932919893123,87.0,0.0
878,14.0,0.0008378189204449882,86.0,0.0
879,12.0,0.0007253339726958075,88.0,0.0
880,22.0,0.0011661057110359252,-21.0,0.0
881,12.0,0.0008096095289147343,88.0,0.0
882,12.0,0.001402711980517779,88.0,0.0
883,14.0,0.0007669428246117604,86.0,0.0
884,16.0,0.0014753511627532134,84.0,0.0
885,12.0,0.0008000888597052835,88.0,0.0
886,13.0,0.0008268877813861764,-12.0,0.0
887,14.0,0.0008392293898396019,86.0,0.0
888,15.0,0.0009919127201101219,-14.0,0.0
889,12.0,0.0018709878754634701,88.0,0.0
890,14.0,0.001163637389709038,86.0,0.0
891,12.0,0.0007870420163271774,88.0,0.0
892,12.0,0.0008427555640082574,88.0,0.0
893,12.0,0.0009788658767320157,88.0,0.0
894,12.0,0.0007010033727965492,88.0,0.0
895,12.0,0.0006586892859559157,88.0,0.0
896,12.0,0.0006558683467119408,88.0,0.0
897,12.0,0.0006660942513008195,88.0,0.0
898,12.0,0.0009330256157227268,88.0,0.0
899,14.0,0.001038458215589344,86.0,0.0
900,13.0,0.0007799896684446139,87.0,0.0
901,14.0,0.0008201880509659532,86.0,0.0
902,14.0,0.0011978412762800872,86.0,0.0
903,12.0,0.001288463945456897,88.0,0.0
904,14.0,0.0016400234840148187,86.0,0.0
905,14.0,0.0013240783023320546,86.0,0.0
906,12.0,0.0007412017553178885,88.0,0.0
907,12.0,0.000733796790427732,88.0,0.0
908,12.0,0.0006819620339229004,88.0,0.0
909,12.0,0.0006844303552497877,88.0,0.0
910,12.0,0.0006964193466956203,88.0,0.0
911,12.0,0.0007242761203087866,88.0,0.0
912,12.0,0.0009848603722275584,88.0,0.0
913,12.0,0.0006950088773010066,88.0,0.0
914,12.0,0.0007270970600075088,88.0,0.0
915,14.0,0.0009802763461266295,86.0,0.0
916,14.0,0.0017666131275291264,86.0,0.0
917,12.0,0.0007387334339910012,88.0,0.0
918,12.0,0.0007031190771158435,88.0,0.0
919,12.0,0.0006830198858551739,88.0,0.0
920,12.0,0.0007366177292169596,88.0,0.0
921,12.0,0.0006879565294184431,88.0,0.0
922,12.0,0.0006883091468807834,88.0,0.0
923,12.0,0.0008875379721757781,88.0,0.0
924,12.0,0.0006946562598386663,88.0,0.0
925,12.0,0.0007644745028301259,88.0,0.0
926,12.0,0.0006858408250991488,88.0,0.0
927,12.0,0.0009153947462436918,88.0,0.0
928,14.0,0.0008610916684119729,86.0,0.0
929,16.0,0.0008995269636216108,-15.0,0.0
930,12.0,0.0009002321985462913,88.0,0.0
931,16.0,0.0032031763776103617,84.0,0.0
932,24.0,0.001396364867559896,-23.0,0.0
933,12.0,0.0006837251207798545,88.0,0.0
934,16.0,0.001020827346110309,84.0,0.0
935,14.0,0.000834645363738673,86.0,0.0
936,14.0,0.0007842210770832025,86.0,0.0
937,12.0,0.0010437474761602061,88.0,0.0
938,12.0,0.0006759675379726104,88.0,0.0
939,14.0,0.0008843644159242103,86.0,0.0
940,16.0,0.0011350753807164438,84.0,0.0
941,14.0,0.0008808382422103023,86.0,0.0
942,12.0,0.0008434607984781906,88.0,0.0
943,13.0,0.0029436499780786107,87.0,0.0
944,15.0,0.0009605297723283002,-14.0,0.0
945,31.0,0.0018526517706050072,-129.0,0.0
946,23.0,0.0014965082064009039,-22.0,0.0
947,20.0,0.0011625795373220171,-19.0,0.0
948,12.0,0.0006893669988130569,88.0,0.0
949,12.0,0.0007394386684609344,88.0,0.0
950,14.0,0.00134206178927343,86.0,0.0
951,12.0,0.0007112292773854278,88.0,0.0
952,12.0,0.0007747004078737518,88.0,0.0
953,12.0,0.0007856315464778163,88.0,0.0
954,18.0,0.004150306688643468,82.0,0.0
955,12.0,0.0007828106072338414,88.0,0.0
956,14.0,0.0007747004074190045,86.0,0.0
957,12.0,0.0006794937121412659,88.0,0.0
958,12.0,0.0007020612247288227,88.0,0.0
959,12.0,0.00123063469391127,88.0,0.0
960,12.0,0.0008360558331332868,88.0,0.0
961,28.0,0.0019609053101703466,-27.0,0.0
962,12.0,0.0006868986770314223,88.0,0.0
963,12.0,0.0006759675379726104,88.0,0.0
964,12.0,0.000700650755334209,88.0,0.0
965,12.0,0.0008688492507644696,88.0,0.0
966,14.0,0.0021086519968775974,86.0,0.0
967,16.0,0.0010070752678075223,84.0,0.0
968,14.0,0.0008342927467310801,86.0,0.0
969,16.0,0.0009337308506474074,84.0,0.0
970,12.0,0.0007637692683601927,88.0,0.0
971,12.0,0.0006974771986278938,88.0,0.0
972,12.0,0.0007031190771158435,88.0,0.0
973,12.0,0.0006763201554349507,88.0,0.0
974,12.0,0.0007246287377711269,88.0,0.0
975,12.0,0.0011932572501791583,88.0,0.0
976,48.0,0.002528971926039958,-245.0,0.0
977,12.0,0.0011347227632541035,88.0,0.0
978,12.0,0.000856860259318637,88.0,0.0
979,12.0,0.000686546059569082,88.0,0.0
980,12.0,0.0006794937121412659,88.0,0.0
981,12.0,0.0006756149209650175,88.0,0.0
982,18.0,0.0009813341985136503,-17.0,0.0
983,18.0,0.00109240867641347,82.0,0.0
984,12.0,0.0006791410946789256,88.0,0.0
985,22.0,0.0011865575202136824,-21.0,0.0
986,12.0,0.0006699730424770678,88.0,0.0
987,20.0,0.0013956596326352155,-19.0,0.0
988,12.0,0.0006854882076368085,88.0,0.0
989,12.0,0.0007094661900737265,88.0,0.0
990,19.0,0.0013480562847689725,-117.0,0.0
991,12.0,0.0016297975803354348,88.0,0.0
992,19.0,0.0011378963199604186,-18.0,0.0
993,12.0,0.0006787884772165853,88.0,0.0
994,13.0,0.000791626041973359,-12.0,0.0
995,12.0,0.0006844303552497877,88.0,0.0
996,16.0,0.0009943810418917565,-15.0,0.0
997,12.0,0.0006925405550646246,88.0,0.0
998,12.0,0.000674909686040337,88.0,0.0
999,26.0,0.002117820049079455,-25.0,0.0
1000,0.0,0.0,0.0,0.0
1001,0.0,0.0,0.0,0.0
1002,0.0,0.0,0.0,0.0
1003,0.0,0.0,0.0,0.0
1004,0.0,0.0,0.0,0.0
1005,0.0,0.0,0.0,0.0
1006,0.0,0.0,0.0,0.0
1007,0.0,0.0,0.0,0.0
1008,0.0,0.0,0.0,0.0
1009,0.0,0.0,0.0,0.0
1010,0.0,0.0,0.0,0.0
1011,0.0,0.0,0.0,0.0
1012,0.0,0.0,0.0,0.0
1013,0.0,0.0,0.0,0.0
1014,0.0,0.0,0.0,0.0
1015,0.0,0.0,0.0,0.0
1016,0.0,0.0,0.0,0.0
1017,0.0,0.0,0.0,0.0
1018,0.0,0.0,0.0,0.0
1019,0.0,0.0,0.0,0.0
1020,0.0,0.0,0.0,0.0
1021,0.0,0.0,0.0,0.0
1022,0.0,0.0,0.0,0.0
1023,0.0,0.0,0.0,0.0
1024,0.0,0.0,0.0,0.0
1025,0.0,0.0,0.0,0.0
1026,0.0,0.0,0.0,0.0
1027,0.0,0.0,0.0,0.0
1028,0.0,0.0,0.0,0.0
1029,0.0,0.0,0.0,0.0
1030,0.0,0.0,0.0,0.0
1031,0.0,0.0,0.0,0.0
1032,0.0,0.0,0.0,0.0
1033,0.0,0.0,0.0,0.0
1034,0.0,0.0,0.0,0.0
1035,0.0,0.0,0.0,0.0
1036,0.0,0.0,0.0,0.0
1037,0.0,0.0,0.0,0.0
1038,0.0,0.0,0.0,0.0
1039,0.0,0.0,0.0,0.0
1040,0.0,0.0,0.0,0.0
1041,0.0,0.0,0.0,0.0
1042,0.0,0.0,0.0,0.0
1043,0.0,0.0,0.0,0.0
1044,0.0,0.0,0.0,0.0
1045,0.0,0.0,0.0,0.0
1046,0.0,0.0,0.0,0.0
1047,0.0,0.0,0.0,0.0
1048,0.0,0.0,0.0,0.0
1049,0.0,0.0,0.0,0.0
1050,0.0,0.0,0.0,0.0
1051,0.0,0.0,0.0,0.0
1052,0.0,0.0,0.0,0.0
1053,0.0,0.0,0.0,0.0
1054,0.0,0.0,0.0,0.0
1055,0.0,0.0,0.0,0.0
1056,0.0,0.0,0.0,0.0
1057,0.0,0.0,0.0,0.0
1058,0.0,0.0,0.0,0.0
1059,0.0,0.0,0.0,0.0
1060,0.0,0.0,0.0,0.0
1061,0.0,0.0,0.0,0.0
1062,0.0,0.0,0.0,0.0
1063,0.0,0.0,0.0,0.0
1064,0.0,0.0,0.0,0.0
1065,0.0,0.0,0.0,0.0
1066,0.0,0.0,0.0,0.0
1067,0.0,0.0,0.0,0.0
1068,0.0,0.0,0.0,0.0
1069,0.0,0.0,0.0,0.0
1070,0.0,0.0,0.0,0.0
1071,0.0,0.0,0.0,0.0
1072,0.0,0.0,0.0,0.0
1073,0.0,0.0,0.0,0.0
1074,0.0,0.0,0.0,0.0
1075,0.0,0.0,0.0,0.0
1076,0.0,0.0,0.0,0.0
1077,0.0,0.0,0.0,0.0
1078,0.0,0.0,0.0,0.0
1079,0.0,0.0,0.0,0.0
1080,0.0,0.0,0.0,0.0
1081,0.0,0.0,0.0,0.0
1082,0.0,0.0,0.0,0.0
1083,0.0,0.0,0.0,0.0
1084,0.0,0.0,0.0,0.0
1085,0.0,0.0,0.0,0.0
1086,0.0,0.0,0.0,0.0
1087,0.0,0.0,0.0,0.0
1088,0.0,0.0,0.0,0.0
1089,0.0,0.0,0.0,0.0
1090,0.0,0.0,0.0,0.0
1091,0.0,0.0,0.0,0.0
1092,0.0,0.0,0.0,0.0
1093,0.0,0.0,0.0,0.0
1094,0.0,0.0,0.0,0.0
1095,0.0,0.0,0.0,0.0
1096,0.0,0.0,0.0,0.0
1097,0.0,0.0,0.0,0.0
1098,0.0,0.0,0.0,0.0
1099,0.0,0.0,0.0,0.0
1100,0.0,0.0,0.0,0.0
1101,0.0,0.0,0.0,0.0
1102,0.0,0.0,0.0,0.0
1103,0.0,0.0,0.0,0.0
1104,0.0,0.0,0.0,0.0
1105,0.0,0.0,0.0,0.0
1106,0.0,0.0,0.0,0.0
1107,0.0,0.0,0.0,0.0
1108,0.0,0.0,0.0,0.0
1109,0.0,0.0,0.0,0.0
1110,0.0,0.0,0.0,0.0
1111,0.0,0.0,0.0,0.0
1112,0.0,0.0,0.0,0.0
1113,0.0,0.0,0.0,0.0
1114,0.0,0.0,0.0,0.0
1115,0.0,0.0,0.0,0.0
1116,0.0,0.0,0.0,0.0
1117,0.0,0.0,0.0,0.0
1118,0.0,0.0,0.0,0.0
1119,0.0,0.0,0.0,0.0
1120,0.0,0.0,0.0,0.0
1121,0.0,0.0,0.0,0.0
1122,0.0,0.0,0.0,0.0
1123,0.0,0.0,0.0,0.0
1124,0.0,0.0,0.0,0.0
1125,0.0,0.0,0.0,0.0
1126,0.0,0.0,0.0,0.0
1127,0.0,0.0,0.0,0.0
1128,0.0,0.0,0.0,0.0
1129,0.0,0.0,0.0,0.0
1130,0.0,0.0,0.0,0.0
1131,0.0,0.0,0.0,0.0
1132,0.0,0.0,0.0,0.0
1133,0.0,0.0,0.0,0.0
1134,0.0,0.0,0.0,0.0
1135,0.0,0.0,0.0,0.0
1136,0.0,0.0,0.0,0.0
1137,0.0,0.0,0.0,0.0
1138,0.0,0.0,0.0,0.0
1139,0.0,0.0,0.0,0.0
1140,0.0,0.0,0.0,0.0
1141,0.0,0.0,0.0,0.0
1142,0.0,0.0,0.0,0.0
1143,0.0,0.0,0.0,0.0
1144,0.0,0.0,0.0,0.0
1145,0.0,0.0,0.0,0.0
1146,0.0,0.0,0.0,0.0
1147,0.0,0.0,0.0,0.0
1148,0.0,0.0,0.0,0.0
1149,0.0,0.0,0.0,0.0
1150,0.0,0.0,0.0,0.0
1151,0.0,0.0,0.0,0.0
1152,0.0,0.0,0.0,0.0
1153,0.0,0.0,0.0,0.0
1154,0.0,0.0,0.0,0.0
1155,0.0,0.0,0.0,0.0
1156,0.0,0.0,0.0,0.0
1157,0.0,0.0,0.0,0.0
1158,0.0,0.0,0.0,0.0
1159,0.0,0.0,0.0,0.0
1160,0.0,0.0,0.0,0.0
1161,0.0,0.0,0.0,0.0
1162,0.0,0.0,0.0,0.0
1163,0.0,0.0,0.0,0.0
1164,0.0,0.0,0.0,0.0
1165,0.0,0.0,0.0,0.0
1166,0.0,0.0,0.0,0.0
1167,0.0,0.0,0.0,0.0
1168,0.0,0.0,0.0,0.0
1169,0.0,0.0,0.0,0.0
1170,0.0,0.0,0.0,0.0
1171,0.0,0.0,0.0,0.0
1172,0.0,0.0,0.0,0.0
1173,0.0,0.0,0.0,0.0
1174,0.0,0.0,0.0,0.0
1175,0.0,0.0,0.0,0.0
1176,0.0,0.0,0.0,0.0
1177,0.0,0.0,0.0,0.0
1178,0.0,0.0,0.0,0.0
1179,0.0,0.0,0.0,0.0
1180,0.0,0.0,0.0,0.0
1181,0.0,0.0,0.0,0.0
1182,0.0,0.0,0.0,0.0
1183,0.0,0.0,0.0,0.0
1184,0.0,0.0,0.0,0.0
1185,0.0,0.0,0.0,0.0
1186,0.0,0.0,0.0,0.0
1187,0.0,0.0,0.0,0.0
1188,0.0,0.0,0.0,0.0
1189,0.0,0.0,0.0,0.0
1190,0.0,0.0,0.0,0.0
1191,0.0,0.0,0.0,0.0
1192,0.0,0.0,0.0,0.0
1193,0.0,0.0,0.0,0.0
1194,0.0,0.0,0.0,0.0
1195,0.0,0.0,0.0,0.0
1196,0.0,0.0,0.0,0.0
1197,0.0,0.0,0.0,0.0
1198,0.0,0.0,0.0,0.0
1199,0.0,0.0,0.0,0.0
1200,0.0,0.0,0.0,0.0
1201,0.0,0.0,0.0,0.0
1202,0.0,0.0,0.0,0.0
1203,0.0,0.0,0.0,0.0
1204,0.0,0.0,0.0,0.0
1205,0.0,0.0,0.0,0.0
1206,0.0,0.0,0.0,0.0
1207,0.0,0.0,0.0,0.0
1208,0.0,0.0,0.0,0.0
1209,0.0,0.0,0.0,0.0
1210,0.0,0.0,0.0,0.0
1211,0.0,0.0,0.0,0.0
1212,0.0,0.0,0.0,0.0
1213,0.0,0.0,0.0,0.0
1214,0.0,0.0,0.0,0.0
1215,0.0,0.0,0.0,0.0
1216,0.0,0.0,0.0,0.0
1217,0.0,0.0,0.0,0.0
1218,0.0,0.0,0.0,0.0
1219,0.0,0.0,0.0,0.0
1220,0.0,0.0,0.0,0.0
1221,0.0,0.0,0.0,0.0
1222,0.0,0.0,0.0,0.0
1223,0.0,0.0,0.0,0.0
1224,0.0,0.0,0.0,0.0
1225,0.0,0.0,0.0,0.0
1226,0.0,0.0,0.0,0.0
1227,0.0,0.0,0.0,0.0
1228,0.0,0.0,0.0,0.0
1229,0.0,0.0,0.0,0.0
1230,0.0,0.0,0.0,0.0
1231,0.0,0.0,0.0,0.0
1232,0.0,0.0,0.0,0.0
1233,0.0,0.0,0.0,0.0
1234,0.0,0.0,0.0,0.0
1235,0.0,0.0,0.0,0.0
1236,0.0,0.0,0.0,0.0
1237,0.0,0.0,0.0,0.0
1238,0.0,0.0,0.0,0.0
1239,0.0,0.0,0.0,0.0
1240,0.0,0.0,0.0,0.0
1241,0.0,0.0,0.0,0.0
1242,0.0,0.0,0.0,0.0
1243,0.0,0.0,0.0,0.0
1244,0.0,0.0,0.0,0.0
1245,0.0,0.0,0.0,0.0
1246,0.0,0.0,0.0,0.0
1247,0.0,0.0,0.0,0.0
1248,0.0,0.0,0.0,0.0
1249,0.0,0.0,0.0,0.0
1250,0.0,0.0,0.0,0.0
1251,0.0,0.0,0.0,0.0
1252,0.0,0.0,0.0,0.0
1253,0.0,0.0,0.0,0.0
1254,0.0,0.0,0.0,0.0
1255,0.0,0.0,0.0,0.0
1256,0.0,0.0,0.0,0.0
1257,0.0,0.0,0.0,0.0
1258,0.0,0.0,0.0,0.0
1259,0.0,0.0,0.0,0.0
1260,0.0,0.0,0.0,0.0
1261,0.0,0.0,0.0,0.0
1262,0.0,0.0,0.0,0.0
1263,0.0,0.0,0.0,0.0
1264,0.0,0.0,0.0,0.0
1265,0.0,0.0,0.0,0.0
1266,0.0,0.0,0.0,0.0
1267,0.0,0.0,0.0,0.0
1268,0.0,0.0,0.0,0.0
1269,0.0,0.0,0.0,0.0
1270,0.0,0.0,0.0,0.0
1271,0.0,0.0,0.0,0.0
1272,0.0,0.0,0.0,0.0
1273,0.0,0.0,0.0,0.0
1274,0.0,0.0,0.0,0.0
1275,0.0,0.0,0.0,0.0
1276,0.0,0.0,0.0,0.0
1277,0.0,0.0,0.0,0.0
1278,0.0,0.0,0.0,0.0
1279,0.0,0.0,0.0,0.0
1280,0.0,0.0,0.0,0.0
1281,0.0,0.0,0.0,0.0
1282,0.0,0.0,0.0,0.0
1283,0.0,0.0,0.0,0.0
1284,0.0,0.0,0.0,0.0
1285,0.0,0.0,0.0,0.0
1286,0.0,0.0,0.0,0.0
1287,0.0,0.0,0.0,0.0
1288,0.0,0.0,0.0,0.0
1289,0.0,0.0,0.0,0.0
1290,0.0,0.0,0.0,0.0
1291,0.0,0.0,0.0,0.0
1292,0.0,0.0,0.0,0.0
1293,0.0,0.0,0.0,0.0
1294,0.0,0.0,0.0,0.0
1295,0.0,0.0,0.0,0.0
1296,0.0,0.0,0.0,0.0
1297,0.0,0.0,0.0,0.0
1298,0.0,0.0,0.0,0.0
1299,0.0,0.0,0.0,0.0
1300,0.0,0.0,0.0,0.0
1301,0.0,0.0,0.0,0.0
1302,0.0,0.0,0.0,0.0
1303,0.0,0.0,0.0,0.0
1304,0.0,0.0,0.0,0.0
1305,0.0,0.0,0.0,0.0
1306,0.0,0.0,0.0,0.0
1307,0.0,0.0,0.0,0.0
1308,0.0,0.0,0.0,0.0
1309,0.0,0.0,0.0,0.0
1310,0.0,0.0,0.0,0.0
1311,0.0,0.0,0.0,0.0
1312,0.0,0.0,0.0,0.0
1313,0.0,0.0,0.0,0.0
1314,0.0,0.0,0.0,0.0
1315,0.0,0.0,0.0,0.0
1316,0.0,0.0,0.0,0.0
1317,0.0,0.0,0.0,0.0
1318,0.0,0.0,0.0,0.0
1319,0.0,0.0,0.0,0.0
1320,0.0,0.0,0.0,0.0
1321,0.0,0.0,0.0,0.0
1322,0.0,0.0,0.0,0.0
1323,0.0,0.0,0.0,0.0
1324,0.0,0.0,0.0,0.0
1325,0.0,0.0,0.0,0.0
1326,0.0,0.0,0.0,0.0
1327,0.0,0.0,0.0,0.0
1328,0.0,0.0,0.0,0.0
1329,0.0,0.0,0.0,0.0
1330,0.0,0.0,0.0,0.0
1331,0.0,0.0,0.0,0.0
1332,0.0,0.0,0.0,0.0
1333,0.0,0.0,0.0,0.0
1334,0.0,0.0,0.0,0.0
1335,0.0,0.0,0.0,0.0
1336,0.0,0.0,0.0,0.0
1337,0.0,0.0,0.0,0.0
1338,0.0,0.0,0.0,0.0
1339,0.0,0.0,0.0,0.0
1340,0.0,0.0,0.0,0.0
1341,0.0,0.0,0.0,0.0
1342,0.0,0.0,0.0,0.0
1343,0.0,0.0,0.0,0.0
1344,0.0,0.0,0.0,0.0
1345,0.0,0.0,0.0,0.0
1346,0.0,0.0,0.0,0.0
1347,0.0,0.0,0.0,0.0
1348,0.0,0.0,0.0,0.0
1349,0.0,0.0,0.0,0.0
1350,0.0,0.0,0.0,0.0
1351,0.0,0.0,0.0,0.0
1352,0.0,0.0,0.0,0.0
1353,0.0,0.0,0.0,0.0
1354,0.0,0.0,0.0,0.0
1355,0.0,0.0,0.0,0.0
1356,0.0,0.0,0.0,0.0
1357,0.0,0.0,0.0,0.0
1358,0.0,0.0,0.0,0.0
1359,0.0,0.0,0.0,0.0
1360,0.0,0.0,0.0,0.0
1361,0.0,0.0,0.0,0.0
1362,0.0,0.0,0.0,0.0
1363,0.0,0.0,0.0,0.0
1364,0.0,0.0,0.0,0.0
1365,0.0,0.0,0.0,0.0
1366,0.0,0.0,0.0,0.0
1367,0.0,0.0,0.0,0.0
1368,0.0,0.0,0.0,0.0
1369,0.0,0.0,0.0,0.0
1370,0.0,0.0,0.0,0.0
1371,0.0,0.0,0.0,0.0
1372,0.0,0.0,0.0,0.0
1373,0.0,0.0,0.0,0.0
1374,0.0,0.0,0.0,0.0
1375,0.0,0.0,0.0,0.0
1376,0.0,0.0,0.0,0.0
1377,0.0,0.0,0.0,0.0
1378,0.0,0.0,0.0,0.0
1379,0.0,0.0,0.0,0.0
1380,0.0,0.0,0.0,0.0
1381,0.0,0.0,0.0,0.0
1382,0.0,0.0,0.0,0.0
1383,0.0,0.0,0.0,0.0
1384,0.0,0.0,0.0,0.0
1385,0.0,0.0,0.0,0.0
1386,0.0,0.0,0.0,0.0
1387,0.0,0.0,0.0,0.0
1388,0.0,0.0,0.0,0.0
1389,0.0,0.0,0.0,0.0
1390,0.0,0.0,0.0,0.0
1391,0.0,0.0,0.0,0.0
1392,0.0,0.0,0.0,0.0
1393,0.0,0.0,0.0,0.0
1394,0.0,0.0,0.0,0.0
1395,0.0,0.0,0.0,0.0
1396,0.0,0.0,0.0,0.0
1397,0.0,0.0,0.0,0.0
1398,0.0,0.0,0.0,0.0
1399,0.0,0.0,0.0,0.0
1400,0.0,0.0,0.0,0.0
1401,0.0,0.0,0.0,0.0
1402,0.0,0.0,0.0,0.0
1403,0.0,0.0,0.0,0.0
1404,0.0,0.0,0.0,0.0
1405,0.0,0.0,0.0,0.0
1406,0.0,0.0,0.0,0.0
1407,0.0,0.0,0.0,0.0
1408,0.0,0.0,0.0,0.0
1409,0.0,0.0,0.0,0.0
1410,0.0,0.0,0.0,0.0
1411,0.0,0.0,0.0,0.0
1412,0.0,0.0,0.0,0.0
1413,0.0,0.0,0.0,0.0
1414,0.0,0.0,0.0,0.0
1415,0.0,0.0,0.0,0.0
1416,0.0,0.0,0.0,0.0
1417,0.0,0.0,0.0,0.0
1418,0.0,0.0,0.0,0.0
1419,0.0,0.0,0.0,0.0
1420,0.0,0.0,0.0,0.0
1421,0.0,0.0,0.0,0.0
1422,0.0,0.0,0.0,0.0
1423,0.0,0.0,0.0,0.0
1424,0.0,0.0,0.0,0.0
1425,0.0,0.0,0.0,0.0
1426,0.0,0.0,0.0,0.0
1427,0.0,0.0,0.0,0.0
1428,0.0,0.0,0.0,0.0
1429,0.0,0.0,0.0,0.0
1430,0.0,0.0,0.0,0.0
1431,0.0,0.0,0.0,0.0
1432,0.0,0.0,0.0,0.0
1433,0.0,0.0,0.0,0.0
1434,0.0,0.0,0.0,0.0
1435,0.0,0.0,0.0,0.0
1436,0.0,0.0,0.0,0.0
1437,0.0,0.0,0.0,0.0
1438,0.0,0.0,0.0,0.0
1439,0.0,0.0,0.0,0.0
1440,0.0,0.0,0.0,0.0
1441,0.0,0.0,0.0,0.0
1442,0.0,0.0,0.0,0.0
1443,0.0,0.0,0.0,0.0
1444,0.0,0.0,0.0,0.0
1445,0.0,0.0,0.0,0.0
1446,0.0,0.0,0.0,0.0
1447,0.0,0.0,0.0,0.0
1448,0.0,0.0,0.0,0.0
1449,0.0,0.0,0.0,0.0
1450,0.0,0.0,0.0,0.0
1451,0.0,0.0,0.0,0.0
1452,0.0,0.0,0.0,0.0
1453,0.0,0.0,0.0,0.0
1454,0.0,0.0,0.0,0.0
1455,0.0,0.0,0.0,0.0
1456,0.0,0.0,0.0,0.0
1457,0.0,0.0,0.0,0.0
1458,0.0,0.0,0.0,0.0
1459,0.0,0.0,0.0,0.0
1460,0.0,0.0,0.0,0.0
1461,0.0,0.0,0.0,0.0
1462,0.0,0.0,0.0,0.0
1463,0.0,0.0,0.0,0.0
1464,0.0,0.0,0.0,0.0
1465,0.0,0.0,0.0,0.0
1466,0.0,0.0,0.0,0.0
1467,0.0,0.0,0.0,0.0
1468,0.0,0.0,0.0,0.0
1469,0.0,0.0,0.0,0.0
1470,0.0,0.0,0.0,0.0
1471,0.0,0.0,0.0,0.0
1472,0.0,0.0,0.0,0.0
1473,0.0,0.0,0.0,0.0
1474,0.0,0.0,0.0,0.0
1475,0.0,0.0,0.0,0.0
1476,0.0,0.0,0.0,0.0
1477,0.0,0.0,0.0,0.0
1478,0.0,0.0,0.0,0.0
1479,0.0,0.0,0.0,0.0
1480,0.0,0.0,0.0,0.0
1481,0.0,0.0,0.0,0.0
1482,0.0,0.0,0.0,0.0
1483,0.0,0.0,0.0,0.0
1484,0.0,0.0,0.0,0.0
1485,0.0,0.0,0.0,0.0
1486,0.0,0.0,0.0,0.0
1487,0.0,0.0,0.0,0.0
1488,0.0,0.0,0.0,0.0
1489,0.0,0.0,0.0,0.0
1490,0.0,0.0,0.0,0.0
1491,0.0,0.0,0.0,0.0
1492,0.0,0.0,0.0,0.0
1493,0.0,0.0,0.0,0.0
1494,0.0,0.0,0.0,0.0
1495,0.0,0.0,0.0,0.0
1496,0.0,0.0,0.0,0.0
1497,0.0,0.0,0.0,0.0
1498,0.0,0.0,0.0,0.0
1499,0.0,0.0,0.0,0.0
1500,0.0,0.0,0.0,0.0
1501,0.0,0.0,0.0,0.0
1502,0.0,0.0,0.0,0.0
1503,0.0,0.0,0.0,0.0
1504,0.0,0.0,0.0,0.0
1505,0.0,0.0,0.0,0.0
1506,0.0,0.0,0.0,0.0
1507,0.0,0.0,0.0,0.0
1508,0.0,0.0,0.0,0.0
1509,0.0,0.0,0.0,0.0
1510,0.0,0.0,0.0,0.0
1511,0.0,0.0,0.0,0.0
1512,0.0,0.0,0.0,0.0
1513,0.0,0.0,0.0,0.0
1514,0.0,0.0,0.0,0.0
1515,0.0,0.0,0.0,0.0
1516,0.0,0.0,0.0,0.0
1517,0.0,0.0,0.0,0.0
1518,0.0,0.0,0.0,0.0
1519,0.0,0.0,0.0,0.0
1520,0.0,0.0,0.0,0.0
1521,0.0,0.0,0.0,0.0
1522,0.0,0.0,0.0,0.0
1523,0.0,0.0,0.0,0.0
1524,0.0,0.0,0.0,0.0
1525,0.0,0.0,0.0,0.0
1526,0.0,0.0,0.0,0.0
1527,0.0,0.0,0.0,0.0
1528,0.0,0.0,0.0,0.0
1529,0.0,0.0,0.0,0.0
1530,0.0,0.0,0.0,0.0
1531,0.0,0.0,0.0,0.0
1532,0.0,0.0,0.0,0.0
1533,0.0,0.0,0.0,0.0
1534,0.0,0.0,0.0,0.0
1535,0.0,0.0,0.0,0.0
1536,0.0,0.0,0.0,0.0
1537,0.0,0.0,0.0,0.0
1538,0.0,0.0,0.0,0.0
1539,0.0,0.0,0.0,0.0
1540,0.0,0.0,0.0,0.0
1541,0.0,0.0,0.0,0.0
1542,0.0,0.0,0.0,0.0
1543,0.0,0.0,0.0,0.0
1544,0.0,0.0,0.0,0.0
1545,0.0,0.0,0.0,0.0
1546,0.0,0.0,0.0,0.0
1547,0.0,0.0,0.0,0.0
1548,0.0,0.0,0.0,0.0
1549,0.0,0.0,0.0,0.0
1550,0.0,0.0,0.0,0.0
1551,0.0,0.0,0.0,0.0
1552,0.0,0.0,0.0,0.0
1553,0.0,0.0,0.0,0.0
1554,0.0,0.0,0.0,0.0
1555,0.0,0.0,0.0,0.0
1556,0.0,0.0,0.0,0.0
1557,0.0,0.0,0.0,0.0
1558,0.0,0.0,0.0,0.0
1559,0.0,0.0,0.0,0.0
1560,0.0,0.0,0.0,0.0
1561,0.0,0.0,0.0,0.0
1562,0.0,0.0,0.0,0.0
1563,0.0,0.0,0.0,0.0
1564,0.0,0.0,0.0,0.0
1565,0.0,0.0,0.0,0.0
1566,0.0,0.0,0.0,0.0
1567,0.0,0.0,0.0,0.0
1568,0.0,0.0,0.0,0.0
1569,0.0,0.0,0.0,0.0
1570,0.0,0.0,0.0,0.0
1571,0.0,0.0,0.0,0.0
1572,0.0,0.0,0.0,0.0
1573,0.0,0.0,0.0,0.0
1574,0.0,0.0,0.0,0.0
1575,0.0,0.0,0.0,0.0
1576,0.0,0.0,0.0,0.0
1577,0.0,0.0,0.0,0.0
1578,0.0,0.0,0.0,0.0
1579,0.0,0.0,0.0,0.0
1580,0.0,0.0,0.0,0.0
1581,0.0,0.0,0.0,0.0
1582,0.0,0.0,0.0,0.0
1583,0.0,0.0,0.0,0.0
1584,0.0,0.0,0.0,0.0
1585,0.0,0.0,0.0,0.0
1586,0.0,0.0,0.0,0.0
1587,0.0,0.0,0.0,0.0
1588,0.0,0.0,0.0,0.0
1589,0.0,0.0,0.0,0.0
1590,0.0,0.0,0.0,0.0
1591,0.0,0.0,0.0,0.0
1592,0.0,0.0,0.0,0.0
1593,0.0,0.0,0.0,0.0
1594,0.0,0.0,0.0,0.0
1595,0.0,0.0,0.0,0.0
1596,0.0,0.0,0.0,0.0
1597,0.0,0.0,0.0,0.0
1598,0.0,0.0,0.0,0.0
1599,0.0,0.0,0.0,0.0
1600,0.0,0.0,0.0,0.0
1601,0.0,0.0,0.0,0.0
1602,0.0,0.0,0.0,0.0
1603,0.0,0.0,0.0,0.0
1604,0.0,0.0,0.0,0.0
1605,0.0,0.0,0.0,0.0
1606,0.0,0.0,0.0,0.0
1607,0.0,0.0,0.0,0.0
1608,0.0,0.0,0.0,0.0
1609,0.0,0.0,0.0,0.0
1610,0.0,0.0,0.0,0.0
1611,0.0,0.0,0.0,0.0
1612,0.0,0.0,0.0,0.0
1613,0.0,0.0,0.0,0.0
1614,0.0,0.0,0.0,0.0
1615,0.0,0.0,0.0,0.0
1616,0.0,0.0,0.0,0.0
1617,0.0,0.0,0.0,0.0
1618,0.0,0.0,0.0,0.0
1619,0.0,0.0,0.0,0.0
1620,0.0,0.0,0.0,0.0
1621,0.0,0.0,0.0,0.0
1622,0.0,0.0,0.0,0.0
1623,0.0,0.0,0.0,0.0
1624,0.0,0.0,0.0,0.0
1625,0.0,0.0,0.0,0.0
1626,0.0,0.0,0.0,0.0
1627,0.0,0.0,0.0,0.0
1628,0.0,0.0,0.0,0.0
1629,0.0,0.0,0.0,0.0
1630,0.0,0.0,0.0,0.0
1631,0.0,0.0,0.0,0.0
1632,0.0,0.0,0.0,0.0
1633,0.0,0.0,0.0,0.0
1634,0.0,0.0,0.0,0.0
1635,0.0,0.0,0.0,0.0
1636,0.0,0.0,0.0,0.0
1637,0.0,0.0,0.0,0.0
1638,0.0,0.0,0.0,0.0
1639,0.0,0.0,0.0,0.0
1640,0.0,0.0,0.0,0.0
1641,0.0,0.0,0.0,0.0
1642,0.0,0.0,0.0,0.0
1643,0.0,0.0,0.0,0.0
1644,0.0,0.0,0.0,0.0
1645,0.0,0.0,0.0,0.0
1646,0.0,0.0,0.0,0.0
1647,0.0,0.0,0.0,0.0
1648,0.0,0.0,0.0,0.0
1649,0.0,0.0,0.0,0.0
1650,0.0,0.0,0.0,0.0
1651,0.0,0.0,0.0,0.0
1652,0.0,0.0,0.0,0.0
1653,0.0,0.0,0.0,0.0
1654,0.0,0.0,0.0,0.0
1655,0.0,0.0,0.0,0.0
1656,0.0,0.0,0.0,0.0
1657,0.0,0.0,0.0,0.0
1658,0.0,0.0,0.0,0.0
1659,0.0,0.0,0.0,0.0
1660,0.0,0.0,0.0,0.0
1661,0.0,0.0,0.0,0.0
1662,0.0,0.0,0.0,0.0
1663,0.0,0.0,0.0,0.0
1664,0.0,0.0,0.0,0.0
1665,0.0,0.0,0.0,0.0
1666,0.0,0.0,0.0,0.0
1667,0.0,0.0,0.0,0.0
1668,0.0,0.0,0.0,0.0
1669,0.0,0.0,0.0,0.0
1670,0.0,0.0,0.0,0.0
1671,0.0,0.0,0.0,0.0
1672,0.0,0.0,0.0,0.0
1673,0.0,0.0,0.0,0.0
1674,0.0,0.0,0.0,0.0
1675,0.0,0.0,0.0,0.0
1676,0.0,0.0,0.0,0.0
1677,0.0,0.0,0.0,0.0
1678,0.0,0.0,0.0,0.0
1679,0.0,0.0,0.0,0.0
1680,0.0,0.0,0.0,0.0
1681,0.0,0.0,0.0,0.0
1682,0.0,0.0,0.0,0.0
1683,0.0,0.0,0.0,0.0
1684,0.0,0.0,0.0,0.0
1685,0.0,0.0,0.0,0.0
1686,0.0,0.0,0.0,0.0
1687,0.0,0.0,0.0,0.0
1688,0.0,0.0,0.0,0.0
1689,0.0,0.0,0.0,0.0
1690,0.0,0.0,0.0,0.0
1691,0.0,0.0,0.0,0.0
1692,0.0,0.0,0.0,0.0
1693,0.0,0.0,0.0,0.0
1694,0.0,0.0,0.0,0.0
1695,0.0,0.0,0.0,0.0
1696,0.0,0.0,0.0,0.0
1697,0.0,0.0,0.0,0.0
1698,0.0,0.0,0.0,0.0
1699,0.0,0.0,0.0,0.0
1700,0.0,0.0,0.0,0.0
1701,0.0,0.0,0.0,0.0
1702,0.0,0.0,0.0,0.0
1703,0.0,0.0,0.0,0.0
1704,0.0,0.0,0.0,0.0
1705,0.0,0.0,0.0,0.0
1706,0.0,0.0,0.0,0.0
1707,0.0,0.0,0.0,0.0
1708,0.0,0.0,0.0,0.0
1709,0.0,0.0,0.0,0.0
1710,0.0,0.0,0.0,0.0
1711,0.0,0.0,0.0,0.0
1712,0.0,0.0,0.0,0.0
1713,0.0,0.0,0.0,0.0
1714,0.0,0.0,0.0,0.0
1715,0.0,0.0,0.0,0.0
1716,0.0,0.0,0.0,0.0
1717,0.0,0.0,0.0,0.0
1718,0.0,0.0,0.0,0.0
1719,0.0,0.0,0.0,0.0
1720,0.0,0.0,0.0,0.0
1721,0.0,0.0,0.0,0.0
1722,0.0,0.0,0.0,0.0
1723,0.0,0.0,0.0,0.0
1724,0.0,0.0,0.0,0.0
1725,0.0,0.0,0.0,0.0
1726,0.0,0.0,0.0,0.0
1727,0.0,0.0,0.0,0.0
1728,0.0,0.0,0.0,0.0
1729,0.0,0.0,0.0,0.0
1730,0.0,0.0,0.0,0.0
1731,0.0,0.0,0.0,0.0
1732,0.0,0.0,0.0,0.0
1733,0.0,0.0,0.0,0.0
1734,0.0,0.0,0.0,0.0
1735,0.0,0.0,0.0,0.0
1736,0.0,0.0,0.0,0.0
1737,0.0,0.0,0.0,0.0
1738,0.0,0.0,0.0,0.0
1739,0.0,0.0,0.0,0.0
1740,0.0,0.0,0.0,0.0
1741,0.0,0.0,0.0,0.0
1742,0.0,0.0,0.0,0.0
1743,0.0,0.0,0.0,0.0
1744,0.0,0.0,0.0,0.0
1745,0.0,0.0,0.0,0.0
1746,0.0,0.0,0.0,0.0
1747,0.0,0.0,0.0,0.0
1748,0.0,0.0,0.0,0.0
1749,0.0,0.0,0.0,0.0
1750,0.0,0.0,0.0,0.0
1751,0.0,0.0,0.0,0.0
1752,0.0,0.0,0.0,0.0
1753,0.0,0.0,0.0,0.0
1754,0.0,0.0,0.0,0.0
1755,0.0,0.0,0.0,0.0
1756,0.0,0.0,0.0,0.0
1757,0.0,0.0,0.0,0.0
1758,0.0,0.0,0.0,0.0
1759,0.0,0.0,0.0,0.0
1760,0.0,0.0,0.0,0.0
1761,0.0,0.0,0.0,0.0
1762,0.0,0.0,0.0,0.0
1763,0.0,0.0,0.0,0.0
1764,0.0,0.0,0.0,0.0
1765,0.0,0.0,0.0,0.0
1766,0.0,0.0,0.0,0.0
1767,0.0,0.0,0.0,0.0
1768,0.0,0.0,0.0,0.0
1769,0.0,0.0,0.0,0.0
1770,0.0,0.0,0.0,0.0
1771,0.0,0.0,0.0,0.0
1772,0.0,0.0,0.0,0.0
1773,0.0,0.0,0.0,0.0
1774,0.0,0.0,0.0,0.0
1775,0.0,0.0,0.0,0.0
1776,0.0,0.0,0.0,0.0
1777,0.0,0.0,0.0,0.0
1778,0.0,0.0,0.0,0.0
1779,0.0,0.0,0.0,0.0
1780,0.0,0.0,0.0,0.0
1781,0.0,0.0,0.0,0.0
1782,0.0,0.0,0.0,0.0
1783,0.0,0.0,0.0,0.0
1784,0.0,0.0,0.0,0.0
1785,0.0,0.0,0.0,0.0
1786,0.0,0.0,0.0,0.0
1787,0.0,0.0,0.0,0.0
1788,0.0,0.0,0.0,0.0
1789,0.0,0.0,0.0,0.0
1790,0.0,0.0,0.0,0.0
1791,0.0,0.0,0.0,0.0
1792,0.0,0.0,0.0,0.0
1793,0.0,0.0,0.0,0.0
1794,0.0,0.0,0.0,0.0
1795,0.0,0.0,0.0,0.0
1796,0.0,0.0,0.0,0.0
1797,0.0,0.0,0.0,0.0
1798,0.0,0.0,0.0,0.0
1799,0.0,0.0,0.0,0.0
1800,0.0,0.0,0.0,0.0
1801,0.0,0.0,0.0,0.0
1802,0.0,0.0,0.0,0.0
1803,0.0,0.0,0.0,0.0
1804,0.0,0.0,0.0,0.0
1805,0.0,0.0,0.0,0.0
1806,0.0,0.0,0.0,0.0
1807,0.0,0.0,0.0,0.0
1808,0.0,0.0,0.0,0.0
1809,0.0,0.0,0.0,0.0
1810,0.0,0.0,0.0,0.0
1811,0.0,0.0,0.0,0.0
1812,0.0,0.0,0.0,0.0
1813,0.0,0.0,0.0,0.0
1814,0.0,0.0,0.0,0.0
1815,0.0,0.0,0.0,0.0
1816,0.0,0.0,0.0,0.0
1817,0.0,0.0,0.0,0.0
1818,0.0,0.0,0.0,0.0
1819,0.0,0.0,0.0,0.0
1820,0.0,0.0,0.0,0.0
1821,0.0,0.0,0.0,0.0
1822,0.0,0.0,0.0,0.0
1823,0.0,0.0,0.0,0.0
1824,0.0,0.0,0.0,0.0
1825,0.0,0.0,0.0,0.0
1826,0.0,0.0,0.0,0.0
1827,0.0,0.0,0.0,0.0
1828,0.0,0.0,0.0,0.0
1829,0.0,0.0,0.0,0.0
1830,0.0,0.0,0.0,0.0
1831,0.0,0.0,0.0,0.0
1832,0.0,0.0,0.0,0.0
1833,0.0,0.0,0.0,0.0
1834,0.0,0.0,0.0,0.0
1835,0.0,0.0,0.0,0.0
1836,0.0,0.0,0.0,0.0
1837,0.0,0.0,0.0,0.0
1838,0.0,0.0,0.0,0.0
1839,0.0,0.0,0.0,0.0
1840,0.0,0.0,0.0,0.0
1841,0.0,0.0,0.0,0.0
1842,0.0,0.0,0.0,0.0
1843,0.0,0.0,0.0,0.0
1844,0.0,0.0,0.0,0.0
1845,0.0,0.0,0.0,0.0
1846,0.0,0.0,0.0,0.0
1847,0.0,0.0,0.0,0.0
1848,0.0,0.0,0.0,0.0
1849,0.0,0.0,0.0,0.0
1850,0.0,0.0,0.0,0.0
1851,0.0,0.0,0.0,0.0
1852,0.0,0.0,0.0,0.0
1853,0.0,0.0,0.0,0.0
1854,0.0,0.0,0.0,0.0
1855,0.0,0.0,0.0,0.0
1856,0.0,0.0,0.0,0.0
1857,0.0,0.0,0.0,0.0
1858,0.0,0.0,0.0,0.0
1859,0.0,0.0,0.0,0.0
1860,0.0,0.0,0.0,0.0
1861,0.0,0.0,0.0,0.0
1862,0.0,0.0,0.0,0.0
1863,0.0,0.0,0.0,0.0
1864,0.0,0.0,0.0,0.0
1865,0.0,0.0,0.0,0.0
1866,0.0,0.0,0.0,0.0
1867,0.0,0.0,0.0,0.0
1868,0.0,0.0,0.0,0.0
1869,0.0,0.0,0.0,0.0
1870,0.0,0.0,0.0,0.0
1871,0.0,0.0,0.0,0.0
1872,0.0,0.0,0.0,0.0
1873,0.0,0.0,0.0,0.0
1874,0.0,0.0,0.0,0.0
1875,0.0,0.0,0.0,0.0
1876,0.0,0.0,0.0,0.0
1877,0.0,0.0,0.0,0.0
1878,0.0,0.0,0.0,0.0
1879,0.0,0.0,0.0,0.0
1880,0.0,0.0,0.0,0.0
1881,0.0,0.0,0.0,0.0
1882,0.0,0.0,0.0,0.0
1883,0.0,0.0,0.0,0.0
1884,0.0,0.0,0.0,0.0
1885,0.0,0.0,0.0,0.0
1886,0.0,0.0,0.0,0.0
1887,0.0,0.0,0.0,0.0
1888,0.0,0.0,0.0,0.0
1889,0.0,0.0,0.0,0.0
1890,0.0,0.0,0.0,0.0
1891,0.0,0.0,0.0,0.0
1892,0.0,0.0,0.0,0.0
1893,0.0,0.0,0.0,0.0
1894,0.0,0.0,0.0,0.0
1895,0.0,0.0,0.0,0.0
1896,0.0,0.0,0.0,0.0
1897,0.0,0.0,0.0,0.0
1898,0.0,0.0,0.0,0.0
1899,0.0,0.0,0.0,0.0
1900,0.0,0.0,0.0,0.0
1901,0.0,0.0,0.0,0.0
1902,0.0,0.0,0.0,0.0
1903,0.0,0.0,0.0,0.0
1904,0.0,0.0,0.0,0.0
1905,0.0,0.0,0.0,0.0
1906,0.0,0.0,0.0,0.0
1907,0.0,0.0,0.0,0.0
1908,0.0,0.0,0.0,0.0
1909,0.0,0.0,0.0,0.0
1910,0.0,0.0,0.0,0.0
1911,0.0,0.0,0.0,0.0
1912,0.0,0.0,0.0,0.0
1913,0.0,0.0,0.0,0.0
1914,0.0,0.0,0.0,0.0
1915,0.0,0.0,0.0,0.0
1916,0.0,0.0,0.0,0.0
1917,0.0,0.0,0.0,0.0
1918,0.0,0.0,0.0,0.0
1919,0.0,0.0,0.0,0.0
1920,0.0,0.0,0.0,0.0
1921,0.0,0.0,0.0,0.0
1922,0.0,0.0,0.0,0.0
1923,0.0,0.0,0.0,0.0
1924,0.0,0.0,0.0,0.0
1925,0.0,0.0,0.0,0.0
1926,0.0,0.0,0.0,0.0
1927,0.0,0.0,0.0,0.0
1928,0.0,0.0,0.0,0.0
1929,0.0,0.0,0.0,0.0
1930,0.0,0.0,0.0,0.0
1931,0.0,0.0,0.0,0.0
1932,0.0,0.0,0.0,0.0
1933,0.0,0.0,0.0,0.0
1934,0.0,0.0,0.0,0.0
1935,0.0,0.0,0.0,0.0
1936,0.0,0.0,0.0,0.0
1937,0.0,0.0,0.0,0.0
1938,0.0,0.0,0.0,0.0
1939,0.0,0.0,0.0,0.0
1940,0.0,0.0,0.0,0.0
1941,0.0,0.0,0.0,0.0
1942,0.0,0.0,0.0,0.0
1943,0.0,0.0,0.0,0.0
1944,0.0,0.0,0.0,0.0
1945,0.0,0.0,0.0,0.0
1946,0.0,0.0,0.0,0.0
1947,0.0,0.0,0.0,0.0
1948,0.0,0.0,0.0,0.0
1949,0.0,0.0,0.0,0.0
1950,0.0,0.0,0.0,0.0
1951,0.0,0.0,0.0,0.0
1952,0.0,0.0,0.0,0.0
1953,0.0,0.0,0.0,0.0
1954,0.0,0.0,0.0,0.0
1955,0.0,0.0,0.0,0.0
1956,0.0,0.0,0.0,0.0
1957,0.0,0.0,0.0,0.0
1958,0.0,0.0,0.0,0.0
1959,0.0,0.0,0.0,0.0
1960,0.0,0.0,0.0,0.0
1961,0.0,0.0,0.0,0.0
1962,0.0,0.0,0.0,0.0
1963,0.0,0.0,0.0,0.0
1964,0.0,0.0,0.0,0.0
1965,0.0,0.0,0.0,0.0
1966,0.0,0.0,0.0,0.0
1967,0.0,0.0,0.0,0.0
1968,0.0,0.0,0.0,0.0
1969,0.0,0.0,0.0,0.0
1970,0.0,0.0,0.0,0.0
1971,0.0,0.0,0.0,0.0
1972,0.0,0.0,0.0,0.0
1973,0.0,0.0,0.0,0.0
1974,0.0,0.0,0.0,0.0
1975,0.0,0.0,0.0,0.0
1976,0.0,0.0,0.0,0.0
1977,0.0,0.0,0.0,0.0
1978,0.0,0.0,0.0,0.0
1979,0.0,0.0,0.0,0.0
1980,0.0,0.0,0.0,0.0
1981,0.0,0.0,0.0,0.0
1982,0.0,0.0,0.0,0.0
1983,0.0,0.0,0.0,0.0
1984,0.0,0.0,0.0,0.0
1985,0.0,0.0,0.0,0.0
1986,0.0,0.0,0.0,0.0
1987,0.0,0.0,0.0,0.0
1988,0.0,0.0,0.0,0.0
1989,0.0,0.0,0.0,0.0
1990,0.0,0.0,0.0,0.0
1991,0.0,0.0,0.0,0.0
1992,0.0,0.0,0.0,0.0
1993,0.0,0.0,0.0,0.0
1994,0.0,0.0,0.0,0.0
1995,0.0,0.0,0.0,0.0
1996,0.0,0.0,0.0,0.0
1997,0.0,0.0,0.0,0.0
1998,0.0,0.0,0.0,0.0
1999,0.0,0.0,0.0,0.0
